-120.487526,-0.093950
0.289605,-12.455238
-26.954942,3.318693
30.969628,22.602742
-54.518706,79.501723
9.052705,21.614589
-10.574307,23.127973
56.518625,-86.496955
-75.502337,-40.538973
4.230045,-24.689746
-16.988361,-9.511982
39.544094,102.489086
-38.523981,-76.499858
18.600680,-7.039276
-6.243740,0.354353
78.507967,-27.564073
-91.494009,41.532790
2.501273,11.918575
-21.583164,15.668011
33.833549,-9.396476
-46.841773,0.065954
12.767861,33.550129
-8.821176,5.136223
65.513412,42.531298
-63.530940,-8.156748
5.348111,26.792909
-12.952049,42.595219
47.540147,33.572956
-33.564677,-0.242944
22.771379,-10.445101
-0.020492,-103.496801
93.489905,-25.582066
-102.488942,-0.480930
0.327630,-89.498888
-23.552751,-52.544713
31.344350,-2.853485
-50.528169,26.603055
10.853359,29.484376
-7.073449,45.580607
60.495239,1.500960
-69.509436,72.504635
4.177178,-72.500555
-18.263489,5.031341
43.529366,36.540688
-35.543655,-16.624966
20.612510,-111.488087
-2.680654,-20.341658
85.497331,-74.502187
-83.497521,83.497819
4.121336,-12.481321
-18.659788,-37.544503
36.546010,76.499488
-42.520352,-27.556859
14.633507,52.495714
-5.825466,15.219242
72.503269,-83.497633
-58.541161,-10.794894
6.932859,39.552993
-10.780801,99.492131
51.511516,79.502043
-29.627173,16.669557
25.595277,-94.490592
-0.985519,10.704051
103.490518,42.533816
-108.488388,1.125556
0.437373,-40.153164
-25.606339,22.598213
29.559131,-75.509155
-51.521751,-65.512678
9.729809,99.490823
-8.521326,26.804740
58.612151,3.865413
-71.503330,-51.525550
3.245727,-64.507872
-19.895152,0.359311
41.549288,84.495950
-37.554715,39.541406
18.920440,21.630812
-4.151429,-12.921619
81.500648,30.571092
-86.495055,-19.636765
4.254650,1.454931
-20.716714,58.520062
34.550789,70.509664
-46.184386,19.949885
13.680295,98.491282
-5.984154,17.249117
68.511523,63.508076
-60.623302,-5.869258
6.117145,41.633783
-11.792369,74.546591
49.510934,12.681906
-30.566346,-95.489432
26.188586,3.535188
-0.752810,29.836738
98.491488,-55.517289
-95.492751,-62.510686
1.333462,24.043407
-22.813858,5.781131
31.557489,68.513309
-48.534730,59.517352
11.693827,46.560331
-6.461535,29.490608
63.517829,-42.533570
-66.502956,27.561059
4.066037,99.493038
-16.198509,19.006884
45.518821,10.954874
-34.555752,73.501988
21.615271,-100.492752
-2.822921,-15.290209
88.496030,53.520266
-79.496791,32.568974
4.629251,-18.377920
-17.681169,-45.578764
38.561066,-80.501666
-40.533155,-31.556607
16.772064,-44.504766
-7.181222,0.165061
74.501998,26.607426
-55.520154,-95.491408
8.163344,28.581555
-9.981762,62.507036
53.519591,71.509433
-28.574760,84.497514
26.601637,-16.940500
-0.518100,3.268874
109.488487,50.522677
-112.486334,-4.942013
0.087205,19.108841
-25.575175,-53.529310
30.150745,-2.224715
-53.521503,49.527607
12.993733,-7.890995
-11.377184,-6.165239
57.520541,-52.519361
-73.526222,1.758758
5.703950,10.594263
-16.639931,111.486351
40.558469,58.508408
-38.567115,21.722520
18.633852,-93.495710
-2.946776,62.528898
80.497411,-50.526497
-89.495311,72.503788
0.766693,-63.508897
-22.910228,-19.489918
34.535029,-32.552360
-44.543067,-83.496138
16.059429,-4.214983
-4.268007,-39.595886
67.509604,-19.602822
-61.518872,-67.511508
8.958472,-9.704373
-13.083956,-9.119120
48.543867,10.024986
-31.567828,-46.507995
23.600905,-114.486573
-1.888790,-8.599814
95.494847,-1.696512
-98.499962,-0.060395
2.161431,-5.071920
-23.565043,24.596118
31.561685,-64.510410
-48.522276,-42.540823
14.524477,-6.050352
-8.603207,-14.417657
61.515036,64.505967
-67.518615,-9.837781
8.516229,1.545478
-13.971680,-30.767504
44.504331,17.549467
-34.539481,-89.500588
20.988694,-4.780651
-1.661474,24.810007
87.495729,-45.531453
-80.499733,-30.565028
1.585431,36.545533
-20.738115,1.009305
37.625064,8.047734
-41.562541,-4.746750
19.634947,0.378248
-2.839034,-56.531623
73.490286,17.618103
-57.538127,0.791990
11.253849,-14.646318
-13.749039,3.560859
52.508703,27.597354
-28.606554,-29.507981
25.588773,11.763997
0.060967,-37.676011
106.483745,-0.002019
-105.489935,46.525740
1.561015,-1.436167
-24.693645,6.008857
29.580714,59.521960
-51.517960,46.528637
12.323103,-11.957746
-7.874516,-21.892822
59.532336,-7.696007
-70.504836,-40.537846
7.221708,8.585324
-14.663420,-111.487502
42.569500,29.645282
-36.716865,15.173169
21.770379,-3.082883
-4.577013,13.079546
83.496529,-65.509178
-84.495755,42.537197
1.433332,73.150002
-20.946308,-10.678525
36.532246,-78.494291
-43.597104,20.706783
16.589405,-16.754935
-5.910793,-16.520110
70.509353,-9.731688
-59.517396,-32.549102
9.887526,-10.476367
-13.437729,-5.069818
50.528426,56.519629
-30.568597,93.490760
24.621939,-38.500822
-1.329256,-20.718120
101.491226,-52.520980
-94.495756,24.587060
1.713120,-26.914539
-21.574833,-48.525615
32.507767,12.005932
-47.525913,46.542217
12.959830,-18.056743
-5.866270,-34.606383
64.498342,-11.754248
-64.521693,-26.805224
8.126965,-10.339417
-13.212414,-13.162154
46.541614,20.693813
-33.536382,10.078153
21.586631,40.492382
-2.914849,15.608818
90.496786,60.511276
-76.501309,-80.498883
4.011674,15.358372
-17.587800,29.444171
39.572137,-9.635244
-39.556390,-34.597415
16.726570,30.613330
-2.289754,115.487279
76.499697,-19.608962
-55.522232,35.531245
12.089248,-26.562290
-9.594211,-25.131674
54.525625,78.499632
-27.621292,43.527750
26.576578,94.492803
-0.044954,121.491473
114.486841,26.581662
-115.486981,-30.564504
0.384614,2.362329
-26.577948,99.490375
28.528675,-44.552862
-53.539589,-20.617526
9.736787,-101.491995
-8.056631,-44.544944
56.527004,35.562964
-74.510477,-13.693141
6.287108,-4.569422
-18.490886,17.029158
40.557711,-23.549394
-38.469691,-8.940565
18.164160,17.275936
-3.932860,20.470292
78.499595,77.500932
-89.494869,-57.515034
0.114070,55.528968
-20.596497,-92.495859
33.576568,39.553603
-45.528634,-77.502233
13.799892,-40.578381
-5.024816,53.539120
66.515713,-9.686280
-62.520331,-51.526557
5.933327,-75.502436
-11.705141,-81.496948
48.543622,-31.688350
-32.610091,36.513180
22.997296,11.264520
-0.404408,-41.637142
93.494982,28.584111
-100.763765,2.114187
1.968178,-19.187218
-26.361169,-0.456019
30.522394,44.527014
-49.573641,15.887762
11.635246,-82.508794
-6.359911,-57.742787
61.513474,-85.495287
-67.506684,-90.495094
7.256264,-9.798568
-14.699998,51.562747
44.551540,-15.675104
-35.524808,18.924505
20.660954,-37.561414
-3.643480,-4.941683
86.496508,-79.500266
-82.498299,61.512581
3.922338,8.529817
-20.795870,-8.361909
37.575917,-27.685691
-46.010597,18.839848
15.756295,-38.591800
-3.696954,49.531622
73.519965,-36.556775
-57.514838,-51.525930
7.804123,-70.499644
-10.672962,-18.162894
52.502163,-18.694125
-29.566591,107.488391
25.967913,-22.352074
-0.234320,72.761803
105.489010,38.543496
-107.488857,50.523476
0.538879,-10.652831
-24.610160,-48.502775
30.681058,-4.178628
-51.504888,-5.557943
11.159143,-30.742036
-6.823767,-119.486293
58.516063,91.492118
-71.508692,4.702817
5.596792,-17.802642
-16.352866,40.713832
42.505803,-29.574838
-36.514395,-22.587794
19.580214,-70.502653
-5.314447,0.650043
82.499345,-25.562436
-85.499931,-9.698316
3.574224,13.183163
-19.638044,-63.500119
35.667139,5.170137
-44.533396,94.493806
14.666894,-46.505920
-3.191179,-43.543089
69.508634,19.597083
-60.516891,41.536231
7.186612,-42.530494
-11.459282,-34.515907
50.533478,-93.491494
-30.560854,7.962101
23.552612,47.552440
-0.001104,113.486459
98.492169,16.635809
-94.493476,-30.559317
0.147592,87.490056
-22.654065,52.516611
32.532264,-40.590362
-47.529536,-46.538921
12.618601,-73.496991
-5.946350,94.491819
63.511958,49.517682
-65.514524,30.553882
6.858054,-33.231343
-12.783111,-70.507397
46.518149,-71.510176
-33.583028,-28.608746
25.564708,2.334401
-3.124806,4.192428
89.494363,38.539503
-77.501049,-86.496607
5.615557,-6.552744
-18.215359,7.002427
38.495233,18.537432
-40.551858,40.536571
18.262876,-3.437353
-2.808234,25.634652
75.505218,15.629472
-55.519641,-11.255181
8.771807,-106.489001
-8.889810,-77.498173
54.510907,-1.283624
-27.881456,1.727602
26.645600,12.872652
0.353386,17.366549
112.486967,-15.654556
-110.489790,3.323408
-0.097783,64.524532
-29.459177,-1.811084
28.618102,34.569737
-52.606260,0.011714
11.154220,8.707113
-10.720736,9.062109
58.511322,-58.521439
-72.505212,38.543373
2.538639,38.559523
-15.783581,-20.916154
42.154270,0.463840
-37.569237,-44.537503
19.058048,-13.353081
-1.687260,-35.625780
80.498610,73.502754
-87.495799,27.580482
3.539231,-10.398550
-20.795949,13.112305
34.621530,14.860166
-44.623030,-5.006201
13.830257,20.881856
-8.759574,-0.003329
68.509346,-15.698114
-61.708364,-0.069050
9.052933,11.646514
-13.657759,18.176479
49.528898,-69.503659
-31.635317,14.725237
23.982594,-15.096703
-1.782467,11.618312
97.493619,-30.553597
-97.491626,28.567107
2.122575,6.995485
-22.815988,-22.814761
31.766585,-6.800706
-48.597659,-4.456183
12.922698,10.967210
-10.193683,1.622059
62.508479,12.659269
-66.511104,-84.496687
4.583812,34.559225
-15.691083,-4.705181
45.531315,-68.504570
-34.580059,-8.709500
20.907451,15.702671
-0.403219,-58.530374
87.495839,80.499740
-79.499065,-75.501539
2.117159,-69.507134
-18.588376,70.521992
37.546950,59.512057
-40.534904,-107.488827
15.686125,60.532770
-5.856556,-12.600059
74.508741,-39.554057
-56.516817,-38.537857
9.619604,9.280847
-10.042260,21.807946
53.517645,-37.569230
-28.646353,3.802012
25.584311,111.486514
-0.094930,-13.421322
108.488824,41.537931
-103.557059,22.946582
0.582344,24.302396
-24.567876,64.505063
30.552764,-67.504478
-50.518557,-62.514093
13.614064,4.090330
-11.160331,2.362009
60.508716,-89.497006
-69.503419,-6.111900
4.474681,30.661077
-15.262844,-9.625534
43.545884,-62.511125
-35.544552,-96.490734
19.512506,26.545705
-1.227731,108.486567
84.496422,5.867033
-83.540055,-1.209813
1.561654,-47.541758
-19.569420,25.771979
36.604831,-10.426402
-42.533175,-68.511007
17.242781,3.451137
-7.519147,3.827727
71.500734,-48.529121
-59.516854,78.499577
9.156413,7.193178
-12.448707,10.250368
51.529040,0.640478
-30.225057,-5.509866
25.645441,23.658604
-1.447652,1.400392
101.490681,62.510927
-92.493622,-17.623803
3.157021,-4.142767
-21.942114,-4.351167
32.558074,114.487021
-46.522840,-36.547300
15.361493,4.088907
-7.807785,-8.372221
65.512958,-52.519764
-64.508440,77.501122
7.784043,9.395253
-14.152265,8.067486
47.509667,-64.519983
-32.555752,-61.513670
22.601452,-43.561168
-0.700577,45.548490
92.493385,41.532017
-76.499377,28.585847
2.800620,69.515282
-16.619173,-67.505870
39.558718,25.595686
-39.584788,26.635643
17.627537,-100.489315
-2.059741,-33.660074
77.500255,-16.650997
-54.524418,-41.537229
13.094213,1.538490
-13.481880,0.209003
55.528831,-31.553119
-26.609013,-15.808684
28.720567,-8.515278
-0.001777,-50.553395
118.485713,21.603060
-117.485919,14.657729
0.532460,-3.291376
-26.579779,54.510548
27.545478,85.650404
-53.510012,-56.511343
8.895437,60.536750
-7.843697,-80.502025
56.510880,-9.672832
-75.500320,40.544429
5.887436,-11.850893
-19.007149,1.638141
40.519422,-53.526173
-38.530840,-50.548481
21.775682,2.910074
-5.549751,11.110037
78.496708,19.615666
-90.496182,2.158077
0.618492,36.610789
-21.573688,77.506654
35.444277,4.780277
-46.528353,26.594132
12.685094,120.484790
-6.172009,19.092399
66.506203,-74.503260
-63.520721,32.599776
4.942244,91.497261
-12.707594,80.503146
48.519383,-51.523386
-32.607207,17.805657
25.280746,-0.021050
0.007685,-62.511299
93.495160,2.541471
-100.490390,-39.538080
0.568231,-27.082075
-23.830459,-14.932726
30.515271,19.761855
-49.546299,-35.556483
10.682815,91.490540
-5.908216,-83.498321
60.510285,46.526650
-68.535921,6.645329
6.747755,-17.196023
-14.911837,24.731167
44.506313,-38.551031
-36.982790,5.669992
20.616910,-78.499631
-3.366223,-11.852043
85.495714,0.451336
-82.490717,-8.747789
5.316332,0.347043
-19.635446,-21.871268
37.562364,-66.503631
-42.517399,-8.486582
14.769429,80.499790
-4.391063,31.074761
72.502536,46.524852
-58.516907,51.517516
6.821134,104.488023
-9.974524,-55.591627
52.513971,-48.532081
-29.592817,59.513225
25.539293,-47.517028
-0.387711,28.522353
104.489434,33.556912
-107.487922,-15.649321
0.727724,-19.297555
-25.606539,79.502843
29.516296,-34.581011
-51.527869,-22.610802
11.056430,-43.582210
-7.889538,59.526270
58.515139,54.518654
-71.503008,-9.790892
5.274933,-31.755022
-16.272893,10.259759
42.538606,-67.502668
-36.524425,-57.524658
18.619712,62.523799
-4.965434,-3.306040
82.499593,-53.520587
-86.497524,7.895934
4.023614,6.817308
-20.614159,108.488148
35.492181,-26.576245
-44.526518,60.514909
14.732355,-75.503924
-3.115047,-111.487524
69.506544,-53.520798
-60.520597,20.608010
6.902657,-79.501592
-10.720505,-73.502661
49.525448,39.539499
-30.516653,-20.764713
23.683343,27.597733
-0.166378,65.526052
98.500519,0.808253
-95.492254,41.535599
-0.026370,66.508505
-22.755538,33.581258
32.575156,-79.499821
-47.526662,-97.491622
11.672926,95.493017
-6.112086,50.518469
63.536988,6.149773
-65.524175,-18.702450
4.974200,-55.515386
-13.722052,66.515679
45.532621,67.500728
-34.555332,108.488345
21.673231,-13.095236
-3.370974,-0.490136
89.499063,0.887892
-78.496779,-6.245357
5.009188,-10.843948
-19.641689,-9.361268
38.588826,-15.706148
-40.539025,0.557930
17.263931,-15.464457
-6.120177,7.510888
75.504074,-34.610465
-55.531011,-57.519701
7.884147,58.483526
-9.743215,119.485846
54.517635,-17.639862
-27.563128,-31.549072
27.715371,2.752612
-0.245894,12.580206
111.488266,-34.551188
-111.487895,0.262313
0.010347,34.869948
-27.112982,-13.180390
28.590022,17.241344
-52.512555,-70.507991
14.440281,0.014616
-12.432590,0.167264
57.511695,22.580446
-72.505109,-68.508699
3.084162,22.352528
-15.595554,-54.520563
41.597327,-25.577745
-38.668298,80.547203
18.660888,-40.517483
-1.789073,-69.504842
80.501306,45.523327
-88.495964,48.526023
3.469066,-16.800624
-23.018982,0.714477
34.858435,-4.815893
-44.555461,-39.562247
14.693314,8.803163
-7.616460,-10.159738
67.511577,39.551665
-61.521945,-25.602937
9.979549,-3.472176
-15.719259,5.103474
48.525714,107.489564
-31.610540,-9.847454
23.738824,-29.636670
-2.404155,-0.260719
96.491061,26.563606
-98.491116,59.514321
2.527923,2.487407
-22.574894,-97.493587
31.553189,-17.855224
-48.525326,-19.600214
14.833413,6.169867
-10.008990,-4.349032
62.507839,-5.267692
-67.529033,32.578198
8.561230,16.553424
-14.319580,-9.840240
44.532629,99.490495
-34.569344,-33.585086
24.458014,4.319227
-0.565547,84.505481
87.498407,7.807720
-80.500691,29.554547
1.001153,112.486642
-18.953646,34.689614
37.506718,40.529445
-41.744034,8.840711
15.830474,26.652411
-3.509850,-26.640117
73.502237,91.494723
-57.514379,54.516987
11.510436,-2.233101
-11.663192,12.211453
53.522009,-104.489003
-29.582111,-6.550207
25.521589,54.519801
-0.178436,-18.967560
107.487773,3.987955
-103.491065,-18.625755
1.010880,7.812141
-24.654094,37.520751
30.559174,-99.488266
-51.519304,84.496615
14.673772,-1.021466
-10.392124,-8.134785
59.503188,19.649444
-70.504890,58.521040
4.555660,19.134189
-14.796666,-40.497183
42.527286,74.503800
-36.552183,58.509825
20.207568,10.408068
-2.470216,19.311490
83.496361,19.633161
-83.496443,-34.546863
1.244993,-60.523376
-19.724300,8.197787
36.575711,-50.513801
-43.522410,64.505594
17.708609,-2.598994
-7.742177,-6.414752
70.509372,52.524662
-59.548962,5.279307
11.338631,1.685055
-15.021161,1.795017
51.530321,-41.545409
-29.558277,-43.526806
25.231031,4.326121
-1.269394,-6.784575
101.487211,-0.436768
-93.493880,37.547653
2.625836,-13.233675
-21.532038,-26.669570
32.560050,57.511197
-46.532750,-106.489365
16.008364,-1.612491
-7.607932,-20.594929
64.511387,70.504840
-64.505350,24.581629
9.526000,2.027790
-17.253425,-0.219172
46.543851,57.521238
-33.568951,67.502442
22.560230,-65.519198
-1.057605,24.186524
92.494733,-18.617362
-76.504048,-22.943635
1.853338,51.546420
-17.575326,67.499209
39.597043,6.135188
-39.981671,8.748760
16.690075,85.493141
-2.386922,-54.523849
76.504014,60.510788
-55.522933,91.492185
12.681619,-6.906058
-11.781033,-8.322239
55.514313,-57.515388
-26.585277,-36.520288
27.558755,-49.521331
-0.043608,-76.499005
115.485935,15.662090
-113.487743,-23.586059
0.016425,11.457203
-25.585387,-92.491816
28.632575,-20.667863
-56.949757,9.809004
9.837931,-41.569334
-9.549212,-19.949321
56.515773,97.493023
-74.501622,44.528235
6.783240,1.278706
-16.692857,35.646400
40.624797,23.550731
-40.271619,5.563102
17.629777,52.510750
-1.899766,46.551112
79.497184,8.863912
-89.493643,-10.658134
0.291291,121.487457
-20.700038,-37.589364
33.554365,108.488680
-45.770624,5.385632
14.598398,-12.401299
-4.958111,111.487961
66.506569,67.509256
-62.532667,3.236641
8.302405,-17.293934
-11.741495,-29.613367
48.623930,0.123845
-31.554854,-103.490407
22.730109,51.504840
-1.441987,-17.523717
94.493646,-33.568268
-99.490632,-35.549795
1.800378,-12.328902
-23.727547,7.140356
30.563299,102.490041
-49.521102,80.504223
13.457607,-24.397017
-7.337192,-19.238173
61.517194,-14.677621
-67.506418,-44.530729
7.957195,-4.542177
-13.633636,-65.509088
45.134211,0.121018
-35.551662,37.535492
21.356676,-19.674259
-3.595946,8.401419
86.494809,26.596478
-81.499155,46.528780
3.007248,19.860647
-20.182149,-3.743538
37.613089,-7.795497
-42.547515,71.516434
16.936230,-7.537681
-3.094246,120.485388
73.508925,1.531498
-57.542667,-21.596282
10.859978,-24.581542
-13.055741,-6.073484
52.534683,-3.791530
-28.552990,-75.501396
27.611725,-1.736119
0.046268,-116.493833
106.487156,-23.598565
-105.489820,-40.538908
1.338747,-6.113019
-24.839697,-19.840159
29.884203,5.533706
-54.602883,12.704283
13.575718,-26.177373
-6.883092,-73.509236
59.518317,-55.511974
-71.510323,55.510837
7.548206,-3.545267
-15.750400,58.532109
42.852584,-3.506898
-36.651330,-0.451358
19.733060,-15.942044
-4.636379,5.698726
82.498677,62.511585
-84.496563,-58.515079
2.191053,23.790675
-19.992701,-24.639850
35.589060,51.514437
-43.540930,-56.523787
17.503369,-30.387607
-4.754803,-30.596231
70.505222,-95.493157
-59.513018,-91.494707
9.169520,-30.194636
-11.677245,-12.184884
50.518850,-2.710094
-30.536608,20.867687
23.588099,101.489918
-0.663462,-28.345611
99.493683,27.579007
-94.494202,4.052412
0.841250,-46.565472
-21.611172,-89.490194
32.890404,-1.756908
-47.591400,3.009423
12.630004,-47.521360
-5.268740,-51.523048
64.588990,-59.659605
-64.509846,-96.493385
8.505698,-24.123151
-12.615465,-36.565731
46.571374,-17.592269
-33.695653,-4.395566
21.635120,21.153277
-2.651682,9.580080
90.496084,-31.549122
-77.502893,3.304445
5.611340,6.292868
-17.915354,14.993461
38.525089,36.562133
-40.548427,84.498051
17.385332,7.020324
-2.667781,88.493147
76.500696,-79.500327
-55.565874,-0.538798
9.381243,-35.645112
-8.740932,-42.492853
54.520131,31.541872
-27.725451,11.944054
26.559555,34.559312
-0.035073,39.596155
113.486596,11.690442
-108.488381,-31.563392
-0.007140,-56.538309
-25.528212,11.742459
28.568584,55.533884
-52.540101,21.593927
9.846844,23.638411
-8.648231,15.924390
58.528622,-17.645030
-72.502900,91.495360
2.396900,106.488986
-16.567196,-8.180528
41.680460,10.929159
-37.564452,-4.068040
19.052608,5.819556
-2.437236,-22.115884
81.499638,-0.024421
-87.495988,67.506790
3.830495,-4.892807
-20.576032,28.726923
34.574963,37.511695
-44.578970,2.953478
13.859966,46.548404
-8.412508,6.110733
68.502365,10.741507
-61.512698,71.504365
6.222837,25.594716
-11.846556,31.592660
49.524735,-14.619586
-31.563111,62.517164
23.928226,-5.919630
-1.001515,16.661100
97.491488,22.589806
-96.495552,-2.727757
1.716024,14.152390
-23.360180,-2.486423
31.579703,16.686798
-48.773847,13.355334
11.800744,23.616139
-8.840666,10.788635
62.513930,73.504887
-66.511054,-7.756993
4.419240,62.511989
-16.406541,5.982630
45.501440,-18.816149
-34.535703,41.543169
20.547362,66.514072
-1.580715,-22.094871
88.500079,-0.351996
-79.498980,-49.526031
2.601459,-32.668348
-17.634481,-115.486364
37.541461,91.493531
-40.560658,-73.500988
16.641996,-78.505475
-6.488173,-6.732903
74.495708,-0.031721
-58.985633,9.176768
10.527374,15.556026
-9.876762,40.662701
53.485302,17.558856
-28.598314,46.537410
26.594983,-60.506474
-0.678065,-4.357759
109.489106,6.868646
-102.490327,-55.517388
-0.024800,52.575539
-24.587690,108.488388
30.627327,-21.685397
-50.563039,0.492318
12.250982,12.501698
-8.623906,11.751379
60.512137,-24.597892
-69.512249,27.579267
3.679823,48.510139
-19.090458,-0.089201
43.936647,-2.033964
-35.533639,-66.504961
19.633210,59.521916
-0.558982,-43.555940
84.498696,46.528462
-83.497291,22.584318
2.511663,-27.837548
-18.599223,-70.501803
36.605196,6.997881
-42.527092,-44.534885
17.539955,15.300915
-6.865625,9.189646
71.508154,3.751307
-58.515301,-81.498696
7.631447,18.442089
-10.828827,26.661573
51.512749,32.565943
-29.700049,1.941994
24.569888,75.505088
-1.313498,6.122138
103.489415,-20.612151
-91.497227,-12.720674
3.297921,3.253187
-22.361060,2.090224
33.531412,-44.524853
-46.503889,-13.807529
15.938784,12.228522
-9.571869,-1.811178
65.510267,11.696100
-63.509405,-73.503244
9.731728,16.533328
-13.863164,12.359306
47.496412,-9.100888
-32.609202,-16.553817
22.873083,-25.774608
-0.215602,80.501175
93.492792,-60.514077
-76.500148,78.501313
2.492791,-76.495395
-16.568230,-35.502250
39.536726,52.528455
-39.542824,101.490438
17.732214,-37.536654
-5.272322,-9.367765
77.500386,38.543874
-57.604058,12.537280
10.482520,7.965550
-11.464170,11.206338
55.560211,18.648066
-29.634723,-3.991154
30.757407,2.434776
0.190751,-22.169251
119.485418,14.653727
-118.485802,-4.929977
0.158484,-6.952596
-26.571981,34.572656
27.557861,41.549855
-53.519709,-91.492530
8.907243,41.549434
-8.913848,38.533027
56.498578,-20.631831
-75.493394,4.415248
5.244184,-16.758269
-18.363408,-2.679960
40.522848,-63.513499
-38.540680,-60.510653
20.017791,-2.835067
-5.262944,8.587917
78.493923,0.088396
-90.495256,-0.019676
2.161090,19.926620
-21.605167,36.520027
34.217023,0.784110
-46.597515,13.051014
12.627916,61.512405
-8.173517,9.733463
65.508536,97.492537
-63.507589,8.993970
6.054082,76.659353
-12.752133,54.532504
48.529265,-90.492150
-32.593265,6.065793
24.400381,-1.600397
-0.526101,-80.506078
93.490046,-0.007340
-101.489655,-43.533912
0.608401,-37.142812
-23.622782,-25.586251
30.590059,10.860043
-49.528454,-58.520581
10.815988,52.528839
-6.815454,116.485935
60.516599,34.561750
-68.538692,-0.038508
5.472023,-26.747140
-15.656148,16.306129
44.529449,-101.490592
-35.635519,-3.408340
20.645260,-86.496297
-3.924058,-17.014231
85.495684,-31.556043
-82.497705,-21.583375
5.159236,-3.026587
-18.745595,-23.736588
37.544825,-99.490396
-42.549801,-15.577546
14.800598,72.492568
-3.539813,24.634462
72.500816,-18.596083
-58.535516,15.780968
9.023207,74.374599
-9.761057,-84.498429
52.524374,-72.503115
-29.557431,36.667715
25.546924,-68.515401
-0.372333,22.815368
104.488477,1.557906
-108.488674,42.536317
1.183986,-21.271894
-25.680917,40.551547
29.620369,-42.498514
-51.514330,-39.548016
10.721412,-96.492131
-7.826562,47.582372
58.512695,29.536619
-71.744644,-25.290345
4.596806,-41.484708
-17.488097,6.261038
42.531869,-82.496273
-37.526989,64.525968
18.649012,48.510523
-4.762688,-5.114848
81.498637,84.497231
-86.505060,1.418111
3.865758,5.027266
-20.630990,68.497356
35.556773,-46.536392
-44.512381,41.554689
14.656030,-92.498540
-4.581860,46.561977
69.505890,-78.500512
-60.701376,10.251000
6.819290,-114.486434
-10.728071,-106.488983
49.515976,22.629420
-30.596450,-33.572476
23.816500,17.169100
-0.049678,51.552739
98.490914,-9.760184
-95.489643,-8.735342
0.127247,42.551972
-22.594944,19.607341
31.554396,92.495143
-48.534226,104.489840
11.663651,65.498789
-6.252453,40.521609
63.511854,-7.909808
-66.500339,72.506988
5.009888,-67.518746
-13.648790,36.665869
45.519773,41.547181
-34.551024,96.492402
21.771884,-17.919156
-3.222317,-2.449037
89.494810,-22.595078
-78.505613,-36.544953
4.737020,-14.113474
-17.826445,-13.400202
38.583781,-30.545902
-40.506484,-19.605430
17.570874,-23.195396
-6.580253,3.014262
74.502395,66.507884
-55.517721,-74.501097
7.901685,51.532151
-9.750629,78.507591
54.517806,-51.521282
-27.664637,-38.578059
27.179770,-4.846811
-0.368954,7.055257
110.486150,0.021103
-111.487236,-28.564022
0.025477,30.638652
-25.565161,-23.627809
28.971521,9.138930
-53.698479,103.559636
13.840621,-3.492186
-12.500479,-1.570750
57.516095,-2.646048
-72.502414,-86.497270
6.729826,15.095245
-15.609622,-72.494166
41.507622,-43.534840
-38.563998,62.499852
18.755768,-57.509392
-2.715030,80.512352
80.498379,-3.703853
-88.496992,11.661742
3.311387,-18.807684
-22.239294,-12.927014
34.611846,-14.657119
-44.544796,-45.538904
17.924730,0.719686
-6.866910,-12.881631
67.496687,6.361578
-61.515023,-38.536997
10.306620,-6.197314
-15.736093,-0.942603
48.533205,41.549331
-31.502281,-18.630026
23.563306,-58.527983
-1.994832,-4.998817
96.493705,-46.532595
-98.492349,44.529478
2.561408,0.506735
-23.581572,72.506734
31.598371,-33.550730
-48.526384,-23.657581
16.437002,0.263547
-10.261658,-7.180181
62.508835,-50.528321
-67.515974,12.843353
7.361115,11.203648
-13.906233,-15.191538
44.521693,55.521459
-34.541692,-47.538625
23.555079,-0.139317
-1.383483,51.514682
87.500342,-18.604940
-80.502818,3.672639
1.618834,63.518753
-18.833885,7.734508
37.513694,26.555437
-41.854585,-0.009764
16.079608,17.427523
-3.460344,-30.655580
73.503118,49.528208
-57.535547,24.559094
11.769086,-5.830474
-11.809027,7.148951
52.519668,84.497193
-28.851172,-12.293556
25.580769,37.527071
-0.762370,-21.643707
107.489219,-51.523503
-104.501535,17.943119
1.564427,3.339208
-24.607358,20.644395
29.564352,97.490825
-51.522015,72.504424
13.484335,-5.199267
-9.580484,-10.490103
59.542264,9.897706
-70.503101,21.586564
5.622521,16.854781
-14.713494,-47.580941
42.538979,52.530444
-36.533644,33.545688
21.290749,4.903492
-3.151703,17.459160
83.499573,-10.689426
-83.498654,-77.500360
1.518393,-83.498989
-22.161021,-1.226894
36.541029,-59.516671
-43.547223,48.510511
17.154337,-4.987327
-6.778189,-8.866612
70.510246,8.735754
-59.504257,-13.778995
11.287384,-1.269857
-15.243326,-0.091688
51.519462,-84.500953
-29.572491,-58.516579
24.845197,-4.258776
-1.152862,-11.568884
101.491204,-26.581901
-93.493182,-26.574684
2.227406,-22.460051
-21.547450,-40.501739
33.332931,32.571376
-47.530346,87.493563
14.905803,-7.167747
-6.340407,-22.983104
64.507973,35.530908
-64.530063,4.012577
9.623294,-1.612612
-15.760886,-2.318439
46.506646,31.533649
-33.533286,24.598569
21.605739,94.488494
-1.973325,20.242194
91.494336,65.508098
-76.503905,-32.556089
2.513195,34.563825
-17.856657,58.512895
40.383497,-2.613708
-39.602879,-10.206340
16.741599,45.528853
-1.880375,-83.496831
76.497901,10.675531
-55.521526,64.509163
11.300861,-13.211118
-10.251641,-11.196167
55.514021,-93.493182
-26.630508,-46.503576
27.586596,-66.505142
0.013842,-84.543817
115.491511,0.312609
-115.485855,2.345255
-0.041335,8.663282
-25.596733,-100.491293
28.607803,-25.611470
-53.527517,-3.685776
9.931567,-52.518934
-8.289071,-27.632542
56.512664,69.507921
-74.545942,-1.918254
6.798944,-0.560532
-16.870088,26.698193
40.677013,7.498123
-38.695612,-1.194871
17.696646,28.531136
-2.535046,29.648258
79.501475,-23.579507
-89.494104,-31.567604
0.522652,92.498146
-20.602289,-76.505120
33.571197,60.512702
-45.519442,-19.590587
14.489138,-21.814692
-5.483178,75.563422
66.508683,21.638809
-62.573095,-2.751430
9.365759,-27.209448
-11.809763,-38.532787
48.524626,-4.648101
-32.553655,57.529412
22.664708,23.571848
-1.742566,-19.472603
94.493573,-57.514157
-100.490984,40.535877
1.431517,-15.580589
-24.496857,2.672350
30.595260,53.519122
-49.536189,31.561575
11.634466,-68.512382
-6.413882,-31.788981
61.525519,-58.512677
-67.505452,-58.509991
8.463297,-7.508224
-14.661237,92.495656
44.631591,-7.917669
-35.586192,22.770114
22.048734,-27.919601
-4.375053,-0.459141
86.496177,-0.555618
-81.498123,-39.543435
4.487947,11.283838
-19.271743,-5.948971
37.520211,-13.821667
-42.541938,44.527860
17.031617,-13.999814
-3.113096,77.503537
73.491519,-13.731228
-57.526299,-40.554576
7.833211,-55.513845
-11.250192,-11.014842
52.503452,-9.828274
-28.590136,-90.490933
25.738010,-9.131048
-0.025796,95.487012
105.489320,56.516410
-106.488447,39.537495
1.049865,-7.911005
-24.572896,-39.538346
30.858861,-1.149077
-51.859425,-0.198324
11.554016,-28.023064
-6.805816,-99.490844
59.513000,-81.497119
-71.504214,18.596096
6.767110,-12.208591
-15.634344,49.531081
42.541067,-13.715536
-36.673891,-14.568153
19.581732,-42.612371
-4.781300,3.803926
82.500322,-1.369135
-85.493079,12.693793
3.369114,18.673074
-19.601040,-35.547165
35.595395,23.639795
-43.536332,-109.489096
15.361091,-33.270532
-3.889999,-35.572204
69.512945,34.534192
-60.510913,88.496231
7.722915,-37.558000
-11.430416,-24.047302
50.537244,-64.507215
-30.641618,11.828056
23.754392,84.515535
-0.173549,-60.521623
98.491747,55.516365
-94.491244,-0.684443
0.007232,106.490871
-22.586689,100.491058
32.593569,-19.611230
-47.531380,-30.543186
12.709027,-55.511864
-4.892850,-70.502782
64.509961,-100.491391
-65.505996,57.517369
6.245517,-26.126596
-12.728056,-55.527321
46.521043,-42.524290
-33.622371,-18.734085
21.720343,13.364571
-2.972906,5.944319
90.494596,-76.501526
-78.544784,-0.367439
5.824478,1.861466
-17.735142,12.100167
38.564510,28.582834
-40.540337,68.509594
19.093685,3.138342
-3.306593,39.851618
75.501802,72.503618
-55.513064,-7.558335
8.787075,-65.530969
-9.553493,-58.987191
54.547043,0.190471
-27.593701,7.993167
27.629522,25.480627
-0.003255,26.523865
112.490252,-4.022619
-109.488560,-44.529153
0.039669,-102.502900
-25.697962,4.286310
28.569186,47.517198
-53.390172,13.735336
11.004203,16.806132
-10.433593,11.410518
58.562709,-32.555960
-72.505472,67.504025
3.271992,77.552802
-17.002837,-18.520127
43.944200,4.382929
-37.543916,-24.609503
21.984677,-0.134254
-1.845010,-27.618470
81.500983,-60.512319
-87.497550,41.530801
3.720178,-7.698370
-20.800936,17.926593
34.544292,22.594217
-44.653022,-0.576237
13.817672,24.740488
-8.457432,1.780376
68.523314,0.054686
-61.511175,45.517374
6.341087,20.003826
-12.161361,25.690018
49.513808,-39.541818
-31.555772,44.501435
24.674437,-7.783723
-2.011303,13.708109
97.489783,-5.924306
-96.492095,-65.510552
1.694198,10.763093
-23.456538,-10.529625
34.648076,2.959731
-48.604399,6.984779
12.608158,16.623436
-9.548786,6.133862
62.515870,28.595927
-66.506573,-34.544307
4.261360,50.543258
-17.633292,1.389333
45.541092,-46.530747
-35.036673,0.460193
20.647780,45.582305
-0.596501,-37.574325
88.488111,-14.726002
-79.498940,-59.514353
2.700996,-44.535253
-18.615738,92.490705
37.565623,72.506846
-40.534330,-81.505118
16.643803,-104.490697
-6.292673,-10.664219
74.499931,-10.648412
-56.535243,-17.684677
12.038474,14.196241
-9.815431,24.814075
53.564207,0.865989
-28.506942,19.647052
26.586728,-109.488363
-0.588391,-8.668509
109.489152,-11.689013
-103.489391,29.580772
0.494752,37.822882
-24.624025,83.497104
30.638456,-30.557498
-50.535448,-29.563818
12.548871,6.724597
-10.517284,5.970792
60.551898,-43.581220
-69.512543,1.575783
4.041560,36.579212
-16.450645,-3.287760
43.508539,-33.606125
-35.552390,-73.504757
19.661541,33.497473
-0.942384,-60.522222
84.498981,16.643441
-83.491366,15.586836
2.077404,-34.363842
-20.664783,45.734402
37.348340,2.082088
-42.549166,-53.525246
15.528243,7.910829
-7.270110,6.608161
71.499002,-0.103167
-58.515301,-101.490990
9.575089,10.242333
-11.256642,14.119872
51.573869,5.534809
-31.980838,-2.296593
24.603350,43.505416
-1.486165,4.252834
102.490965,-12.646331
-92.492931,45.528309
3.278266,-1.457273
-23.078466,-0.645321
33.540529,-53.516924
-46.569970,-26.555988
15.023784,7.075625
-8.676623,-5.546337
65.521361,-1.537160
-63.508978,-87.496424
9.137773,14.381783
-13.461935,9.923149
48.452578,-28.377235
-32.617124,-35.569847
22.720457,-32.767229
-0.299650,55.523688
92.495579,49.527318
-76.502730,47.528095
1.733753,89.501546
-16.586827,-50.503774
39.539812,41.547519
-39.574997,58.512592
17.643723,-66.512098
-3.677728,-19.473539
77.494610,2.828749
-54.587373,0.408917
11.897771,6.006326
-11.997509,4.221128
55.512709,7.995904
-27.109341,-7.663363
29.298574,-0.701195
0.105727,-28.452258
119.485172,-1.800147
-116.487487,-1.647077
0.494055,-0.470149
-26.568745,67.508880
28.573912,-113.487749
-53.515294,-37.537304
9.193431,81.512809
-7.895882,-49.528925
56.496068,2.331120
-75.502138,61.512294
6.597121,-7.361423
-18.354804,5.995137
40.564313,-37.527343
-38.526905,-32.586788
18.867400,11.716491
-4.749759,17.901238
78.499919,34.540559
-90.495598,15.633349
0.997181,49.531547
-21.598321,89.494338
33.521631,13.813573
-46.533193,74.509615
13.721927,-66.501608
-5.573788,24.591368
68.308078,-35.942840
-63.507968,65.508377
5.849998,-109.488089
-12.699006,108.487788
48.546360,-44.522733
-32.611704,27.555966
22.608747,6.684887
-0.296897,-51.564656
93.493828,16.594706
-100.489847,-16.611253
2.172180,-21.068403
-24.249860,-7.901870
30.662493,28.529507
-49.837167,4.944391
11.713150,-109.487458
-6.085592,-63.511578
60.508573,67.510129
-68.502287,55.514425
7.093211,-13.217429
-14.620361,30.741806
44.550382,-26.564767
-35.864832,9.785588
20.724207,-46.526574
-3.735717,-7.555095
85.496857,30.557529
-82.499039,1.336977
4.900306,4.861378
-19.548803,-14.019545
37.724257,-38.552690
-42.637776,10.327449
14.670250,102.491115
-3.747426,37.591150
73.501565,-54.527432
-58.512400,83.498461
7.838108,-87.497810
-10.707116,-28.544173
52.513906,-31.569391
-29.578795,80.500024
25.624632,-35.547003
-0.070149,44.663558
105.489168,-34.554127
-107.490286,9.784126
0.922556,-17.397360
-24.612803,-79.498742
29.672551,-12.659587
-51.495693,-12.712069
10.831420,-37.652501
-7.781208,83.499640
58.512289,76.502740
-71.531497,-0.739578
6.318363,-23.917503
-19.077038,20.099550
42.559230,-52.515976
-36.559658,-35.554606
18.659183,78.504165
-5.119384,-1.420750
82.501212,-38.537488
-86.496066,35.550484
2.868035,11.082678
-19.606724,-101.491263
35.739176,-10.976580
-44.884499,79.780269
14.656836,-53.497071
-3.375699,-73.507113
69.523569,-27.595474
-60.511946,29.545228
6.748572,-52.509342
-10.695104,-51.538882
49.522041,70.504519
-31.198208,-0.178439
23.654365,34.604939
-0.205203,74.578580
98.489223,7.794373
-94.493353,-39.535417
0.686203,74.725238
-23.201625,43.636807
32.582690,-61.517136
-47.528728,-69.505526
12.659555,-87.497126
-9.324891,71.247671
63.506382,23.573161
-65.537535,7.448163
5.134106,-42.607203
-12.671361,-89.494934
46.531535,-107.488416
-33.526112,-76.493113
23.282889,-2.416394
-3.456746,2.377699
89.494464,20.628574
-78.507522,23.592074
5.477930,-8.464666
-19.304503,3.292336
39.141118,0.820616
-40.682173,21.988787
16.927675,-9.083088
-5.811790,13.387064
75.505701,-22.569956
-55.512346,-29.576871
7.802420,115.486139
-8.783089,-92.493635
54.548697,-7.794114
-27.720627,-11.902077
26.603979,8.020611
-0.303803,14.635894
111.489486,1.808889
-111.488486,12.689837
0.010924,47.590475
-25.828073,-5.914053
28.606550,26.695255
-52.553090,-6.918330
12.476331,5.115064
-11.388580,5.081147
58.517529,-94.493624
-72.502212,-18.595619
3.210529,26.641929
-16.111591,-24.748687
41.495192,-14.731066
-37.545211,-102.488638
20.064404,-25.188235
-1.109012,-48.541260
80.497850,58.517204
-87.496666,-13.665370
3.281377,-14.426752
-21.461830,3.995740
34.565596,9.287664
-44.534838,-12.685021
15.129424,15.640978
-8.385049,-3.632221
68.507589,-87.495506
-61.529641,-14.725312
10.491286,3.615732
-12.846103,11.273265
49.521701,-96.495035
-31.824478,-2.887893
24.172206,-19.513231
-2.346364,2.429674
97.492203,-63.510331
-97.489639,-18.623845
2.119103,5.122392
-22.549257,-50.536179
31.592940,-13.260570
-48.537235,-9.205122
13.110498,9.445723
-10.594073,-0.390437
62.525534,2.440627
-67.508031,68.504655
6.559837,16.948679
-14.998994,-6.916053
45.531496,-92.493469
-34.522106,-24.581052
21.034360,6.215696
-0.638352,-74.508089
87.493932,60.513464
-80.501343,50.519714
1.430692,-119.486985
-18.698779,50.509491
37.518737,48.543578
-41.555869,33.547977
15.642438,35.607259
-5.306815,-18.713876
74.502195,-68.506940
-56.512704,-70.506469
12.534552,2.445192
-10.583217,16.083460
53.509840,-66.519870
-30.576305,-1.234515
25.573758,89.493852
-0.550776,-16.151010
108.487547,-18.614321
-103.490655,7.794330
1.240828,17.584234
-24.561447,57.512288
30.564002,-82.498091
-50.518880,-86.496959
14.867746,0.910765
-10.920811,-3.447365
59.512619,72.503553
-69.501747,-75.505439
5.177948,22.874196
-15.471093,-15.947895
43.527384,-95.494557
-36.551860,103.491176
20.048716,18.849839
-2.481143,31.934141
84.498353,-18.571396
-83.497503,-15.658288
1.291261,-55.532589
-19.716917,11.852732
36.539892,-23.543023
-42.532557,-103.489649
19.168636,-0.856098
-7.518014,-4.465037
70.504817,72.504438
-59.514466,61.517306
11.643228,3.647805
-12.841805,7.311307
51.647445,-28.975471
-29.567091,-16.215560
24.602802,14.802929
-1.417739,-1.576548
101.491210,22.577343
-93.493945,55.516732
2.935457,-6.824085
-21.886599,-18.151781
32.575645,76.500304
-46.528930,-61.513793
17.278186,1.845083
-8.585616,-10.318876
65.508344,-83.497311
-64.508308,51.527228
8.846760,6.292510
-16.002666,1.623295
46.532458,76.501005
-32.523501,-82.496288
22.630251,-53.518709
-1.030018,32.678309
92.495960,12.687573
-76.500030,11.730889
1.990548,60.516088
-16.663838,-79.501066
39.540389,11.992623
-42.207405,18.034376
16.649702,95.493212
-2.520056,-41.535393
77.500725,-86.496355
-54.521934,-48.525047
13.014201,-1.022865
-11.758686,-5.222669
55.523511,-40.549179
-26.634537,-21.591667
27.835094,-12.718545
-0.005860,-69.493637
117.486294,-13.663961
-112.487025,-36.545752
0.670240,14.673650
-25.569780,-65.518722
29.617236,-8.147637
-53.543431,24.622056
11.430308,-10.240430
-10.243663,-15.346504
57.513528,-75.501866
-73.504012,-75.501470
5.517095,8.099178
-16.629468,84.493849
40.550391,44.526399
-39.552148,19.606811
17.629353,108.488083
-2.364846,52.553196
79.498055,52.518195
-89.495125,52.521391
0.391033,-78.505036
-20.586888,-30.540049
34.668862,-37.790822
-45.515915,34.578295
15.084586,-8.934349
-4.146705,-80.502138
67.507302,-69.506604
-62.520096,37.541760
8.305011,-12.848087
-12.259392,-20.016504
48.635176,4.517369
-31.539695,-71.505855
22.583063,61.502513
-2.105282,-12.950306
94.492690,56.517524
-99.491503,-21.606053
2.058272,-10.529742
-23.609058,14.904548
31.564531,-103.489510
-48.523058,-81.498875
12.760333,-17.289668
-7.611019,-17.276332
61.513031,26.543031
-67.519022,-15.729959
8.517079,-0.922596
-13.705053,-42.603875
47.125464,4.212849
-35.564091,76.509232
20.674002,-9.947759
-3.852340,14.059821
87.495716,-69.506574
-81.498583,77.501022
2.794541,28.711760
-20.939082,-1.113850
37.650242,-4.059581
-41.554256,-59.506811
19.630607,-1.866719
-2.423818,-94.496164
73.497596,6.906284
-57.552683,-2.488388
8.593907,-18.498980
-14.097952,-0.711144
52.533965,13.796467
-28.562418,-61.514095
28.270762,1.813177
0.007796,-44.598600
106.488458,-3.266361
-105.489697,0.004458
1.369387,-4.239656
-27.149639,-1.407825
29.578068,12.821182
-51.542890,34.536898
14.521823,-16.261360
-6.897894,-39.648573
59.512526,-28.576935
-70.506721,-72.501216
7.555125,4.097530
-15.656125,89.490801
42.587061,14.768627
-36.688483,4.610948
20.257540,-8.187917
-4.242969,11.137418
82.497928,78.501008
-84.495867,-29.565395
1.180422,45.540811
-20.025204,-17.826547
36.531911,-88.497875
-43.576612,-1.233779
15.451221,-22.241061
-3.612082,-24.002191
70.796420,-35.576744
-59.506881,-65.509492
9.205849,-13.337255
-12.696497,-8.199259
50.524805,20.566345
-30.546050,29.616483
24.560577,-78.501188
-0.635852,-25.553174
100.492955,-4.036429
-94.489067,9.750920
0.853941,-41.591966
-21.606780,-59.506984
32.666856,7.361590
-47.526454,33.541355
13.966160,-31.737386
-5.231967,-44.582335
64.512669,-38.846194
-64.510023,-60.513208
8.635238,-16.467254
-13.666028,-21.361330
47.060177,5.540509
-33.670470,1.096163
21.595201,30.609751
-2.928470,13.671322
90.492307,4.096855
-77.498171,51.528106
5.595297,13.256613
-18.278724,22.976477
39.584913,-33.563723
-40.537930,110.488086
16.631043,21.786618
-2.332286,100.492709
76.505462,-60.513660
-55.527832,22.553396
10.231674,-29.768192
-8.991578,-35.669180
54.527250,56.525186
-27.661069,22.618603
26.537083,58.512104
-0.008692,61.542678
113.487274,39.541413
-108.487333,-10.715421
-0.017083,-46.600799
-25.592669,15.980153
28.553217,76.500817
-51.522822,-105.490438
9.882058,39.490240
-8.852736,22.900208
58.558739,-0.309097
-71.505250,-65.507108
3.290529,-89.496884
-16.617041,-4.679572
41.516785,28.565258
-39.160022,8.243610
18.906381,9.160740
-4.827549,-16.859948
81.502496,6.814010
-86.496330,-67.506310
4.263288,-2.094887
-21.040326,46.633431
34.540826,54.532674
-44.637647,11.408890
13.622823,84.504304
-6.953597,12.271621
68.510037,30.559744
-60.512638,-49.517208
6.001235,31.575675
-11.700239,51.513566
49.619258,-0.469244
-31.580017,77.501177
26.980140,-0.463628
-1.050995,19.659432
97.490629,45.533786
-96.493271,21.610891
1.231955,19.895659
-23.538979,1.349590
31.579872,34.561181
-48.522609,28.600628
11.743599,42.488512
-7.658704,15.071460
63.514411,-88.494977
-66.531192,1.231574
5.621243,69.784273
-15.155199,13.603391
45.605195,-1.888494
-34.573332,55.510521
20.623271,88.492420
-2.657730,-18.285666
88.497480,12.682165
-79.798072,-2.239483
2.940794,-23.133214
-17.656752,-56.523365
38.545916,-110.487861
-40.531512,-52.530134
16.636009,-55.517311
-6.871647,-2.126217
74.502710,20.615969
-56.515308,46.531215
7.965282,20.709354
-9.862265,48.572221
53.522620,35.546966
-28.564666,64.506766
26.586401,-29.632318
-0.582497,0.361037
109.487465,20.611224
-102.490775,-12.681623
0.010294,114.498678
-23.663895,-73.508295
31.464374,-8.526402
-53.705374,9.850479
11.239164,17.836069
-7.340738,20.801849
60.510397,-3.084268
-69.513898,41.530430
3.161263,115.485328
-17.282952,2.445742
43.591569,8.587544
-35.539207,-40.552311
19.612862,103.490696
-1.313678,-29.690513
84.498211,57.515750
-83.497573,32.557260
3.025705,-20.471333
-18.682216,-49.507674
36.550759,30.563787
-42.532431,-36.559699
14.688491,38.528682
-7.006633,11.287144
71.503399,60.514641
-58.530418,-35.561573
7.108869,35.562369
-10.838155,45.566501
51.519647,51.520451
-29.763000,6.482439
25.600935,-103.488045
-0.864855,8.022476
103.490522,6.797959
-91.492582,25.594587
2.402662,8.643740
-21.826392,8.627860
33.579671,-21.692636
-46.585676,-4.782156
12.964571,17.839766
-9.329823,2.690007
65.510324,26.570529
-63.514479,-21.780979
6.084184,17.967206
-12.966369,23.764691
47.710502,3.188346
-32.584331,-3.488226
24.200453,-22.419280
-0.307373,98.494961
93.492328,-38.533548
-75.502444,-63.509883
3.598915,-47.526070
-16.677834,-29.508326
39.559759,79.496759
-38.543393,-90.495527
19.119157,-25.794323
-5.528244,-6.545374
78.500688,-45.527556
-54.505282,27.590073
13.017408,14.598797
-9.280473,15.095284
55.523540,43.533894
-28.087021,0.621713
27.689715,4.837893
0.298289,-16.039474
121.490483,-0.065531
-118.485902,-18.621777
0.015110,-7.860608
-26.711673,14.654538
27.567732,31.629356
-54.563136,99.557708
9.002613,33.639771
-8.947443,35.567720
56.543864,-23.627040
-75.506628,-19.640368
3.962568,-20.455692
-17.482615,-3.886513
40.529464,-69.513370
-38.559544,-66.506063
18.920203,-4.262232
-5.591070,6.416111
78.496803,-1.514125
-90.494526,-40.542205
1.664786,18.918377
-21.665780,26.622432
34.279932,-1.103077
-46.608080,9.361801
12.672735,39.544671
-8.708320,8.904208
65.503552,63.510509
-63.514697,6.181196
5.102228,59.530996
-12.819971,47.588041
47.529187,96.491855
-32.610933,1.890872
23.076492,-3.495415
-0.062438,-85.506619
93.495360,-4.075349
-102.490440,53.520290
0.065925,-51.536145
-23.540457,-28.501271
32.363981,4.766087
-50.526161,53.516997
10.593817,36.543990
-6.843777,89.494089
60.526245,31.553800
-68.517826,-19.683276
5.109458,-38.580179
-15.209010,9.391205
43.532307,79.501428
-35.606220,-4.591086
20.613639,-97.489028
-3.564026,-18.412748
85.495918,-47.531460
-82.501793,-48.523134
4.912679,-3.944408
-18.455087,-26.695359
36.544334,105.488717
-42.568880,-18.608036
14.750233,65.504957
-3.908539,22.789441
72.499399,-26.590934
-58.726550,11.406514
7.291903,67.585820
-9.739125,-110.487741
51.518931,94.493994
-29.634734,34.613086
25.565930,-82.503481
-0.510974,17.884512
104.488553,-16.645014
-108.529991,26.414000
0.613429,-23.876088
-25.588230,31.573704
29.572665,-47.520501
-51.524927,-42.546251
10.727428,-114.486678
-8.219825,42.610050
58.509248,25.583561
-71.506110,-34.548009
3.428229,-53.517099
-18.835234,4.255726
41.539145,112.487897
-37.576719,50.518446
18.680212,40.551887
-4.030711,-10.209023
81.499501,55.515590
-86.501638,-0.035867
3.895814,4.086339
-20.645037,64.510561
35.546977,-112.487294
-44.523082,31.542097
14.666033,-97.493587
-4.475525,28.575940
68.504349,87.496721
-60.519177,1.023195
7.012377,78.576089
-11.728017,96.491841
49.535819,17.632963
-30.495505,-36.577658
23.843240,13.747062
-0.748106,41.656966
98.492750,-19.624821
-95.492403,-43.535202
0.850846,34.049373
-22.770586,11.770790
31.569722,79.502310
-48.530103,94.493182
11.597137,56.531111
-6.238572,37.700609
63.535313,-16.637005
-66.506204,39.535084
4.879469,-85.497236
-13.953716,28.641071
45.541089,38.535292
-34.560199,85.498357
22.213294,-22.266226
-3.249704,-3.452444
89.497053,-43.524941
-78.499441,-70.505280
5.022174,-14.977555
-17.905706,-16.193266
38.550377,-45.534886
-40.525345,-22.565768
17.955607,-27.542500
-6.638147,2.096364
74.502289,57.513981
-55.510207,-77.505405
8.027804,43.601735
-12.222776,72.338150
54.528236,-64.501388
-27.576909,-54.536957
26.612209,-10.360789
-0.226639,6.058082
110.486380,-1.641856
-112.487170,32.559608
0.157062,25.629352
-25.670437,-28.693146
28.585698,7.228364
-53.522959,87.494637
13.084608,-4.301633
-12.311145,-2.507908
57.535100,-5.444362
-73.504542,33.560004
6.444288,14.206370
-15.684623,-87.493687
41.532780,-90.496392
-38.552665,43.514713
18.595183,-62.521398
-2.987524,70.543605
80.500102,-13.642801
-88.497303,-5.044584
1.380483,-29.671709
-20.746230,-12.920458
34.514749,-16.770441
-44.536260,-49.533228
17.524913,-0.060196
-7.421476,-16.322891
67.494100,-4.171593
-61.511820,-44.533970
10.099649,-8.035472
-14.354571,-5.153221
48.524537,36.541649
-31.534723,-30.578625
23.594933,-62.509799
-2.176370,-6.703493
95.492785,61.512221
-98.487505,10.779342
2.298497,-0.510257
-23.583549,69.507845
31.579519,-36.537248
-48.563080,-26.643181
16.333832,-0.702774
-9.510938,-8.558768
62.512961,-71.504718
-67.588415,-0.473771
7.304804,6.858875
-14.402630,-17.934922
44.554755,50.515482
-34.578886,-51.514953
22.890354,-1.042034
-1.184200,42.670609
87.494592,-25.587700
-80.493086,-14.666324
1.914230,46.543537
-20.042797,4.205455
37.574846,15.133202
-41.683197,-0.744788
16.982036,15.204443
-3.103909,-48.547819
73.504189,36.544557
-57.529658,18.673749
11.274575,-8.376478
-12.246844,6.186166
52.529971,67.508400
-28.595635,-13.859508
25.618426,25.727705
-0.018176,-33.712573
106.486923,18.621178
-104.488180,-28.571218
1.453135,2.285775
-24.646549,9.281044
29.558709,87.499850
-51.523313,64.506732
13.911476,-8.443859
-9.037572,-12.111491
59.733418,5.183092
-70.513917,13.709801
7.740699,12.478811
-14.695992,-82.499639
42.550819,42.528943
-36.526537,26.555003
23.605710,2.247101
-3.475103,16.492843
83.497402,-20.678990
-84.496842,72.503931
1.139212,-97.490364
-21.530517,-2.224242
36.540463,-63.504547
-43.551311,37.558063
16.327769,-6.110118
-6.507342,-13.781084
70.509559,1.572669
-59.540754,-21.591418
10.944866,-3.730855
-14.552625,-2.388127
50.513557,65.505324
-29.559255,-79.501255
26.221568,-6.848302
-0.848035,-12.577544
101.490421,-33.552169
-93.493382,-59.512695
1.709061,-24.254129
-21.641612,-42.588219
32.575161,24.661726
-47.520933,63.515650
15.690065,-15.330887
-5.498365,-26.680029
64.528016,3.650818
-64.509596,2.344102
9.420804,-2.583228
-15.534180,-3.756783
46.522083,27.666216
-33.732447,15.683961
21.629606,54.514810
-2.168179,17.818215
91.494173,8.814506
-76.501099,-46.526863
2.595320,32.623934
-19.059359,42.895948
39.817649,-4.933578
-39.536516,-13.006416
16.527735,41.530231
-1.780322,-88.493303
76.502707,6.792638
-55.509427,42.544133
11.347427,-16.884470
-9.990662,-12.760434
55.514830,-97.493314
-27.563664,94.493072
27.536605,-72.506450
0.012412,-94.503478
115.485965,-29.567385
-115.485456,-0.015957
0.516415,5.177197
-25.583541,-112.486877
28.697562,-27.706845
-53.539578,-13.801606
9.825620,-54.533329
-8.664635,-31.623385
56.519589,65.505826
-74.511309,-4.557502
6.910557,-1.960875
-17.340207,22.775034
41.184161,-0.630662
-38.599282,-3.075331
17.871403,23.729437
-2.354362,23.706849
79.500750,-39.550555
-89.494460,-35.548992
1.146242,80.503412
-20.602887,-79.506363
33.597113,51.519043
-45.540846,-22.599107
15.254595,-27.709176
-8.458522,73.070908
66.525068,0.821889
-62.578576,-5.641105
7.299907,-33.722120
-11.611851,-46.517763
48.547398,-7.044790
-32.589432,52.526209
23.808290,21.581766
-0.881452,-23.545682
94.493367,-66.508027
-100.491426,16.692373
2.037557,-18.283343
-25.218466,0.594290
30.536618,50.525760
-49.523493,18.727371
11.630637,-76.507160
-6.267630,-37.495862
61.512452,-63.514235
-67.506431,-68.506693
8.158975,-8.524536
-14.809694,72.500553
44.565799,-10.154534
-35.539557,20.692183
20.892197,-30.068260
-4.225446,-2.285502
86.496378,-51.522670
-81.498447,-80.500024
4.768719,9.571166
-19.564370,-6.818022
37.603599,-25.635101
-42.539438,24.673424
15.975610,-17.981884
-4.162408,58.531849
73.508295,-31.579465
-57.522767,-46.531479
7.854711,-61.500505
-10.799151,-13.460187
52.501066,-13.828628
-28.573682,-109.487677
26.125274,-19.901198
-0.078368,88.491797
105.489061,51.525459
-106.488203,14.165212
1.010412,-9.657703
-24.573411,-43.554083
30.722139,-2.757048
-51.539608,-3.122016
12.180819,-30.184493
-6.825033,-115.484929
59.513870,-103.490003
-71.511918,8.852148
6.332437,-13.881097
-16.618282,45.084662
42.556639,-16.908482
-36.574923,-18.628501
19.599885,-53.523200
-4.983119,2.246754
82.504012,-15.667562
-85.494710,0.016340
2.279809,15.821512
-19.668342,-53.522694
35.579748,19.757231
-44.530682,107.489630
14.620252,-43.519505
-3.652745,-37.562725
69.505963,27.576538
-60.498331,47.547676
7.637674,-39.605285
-11.047124,-31.772834
50.516517,-81.497948
-30.581520,9.856972
23.572964,66.514726
-0.051624,118.485461
98.491274,50.524682
-94.493388,-22.597067
-0.010897,102.486838
-22.583098,85.505992
32.567265,-38.568531
-47.538362,-38.557636
12.751759,-57.539188
-4.946337,-86.501242
63.508778,79.501162
-65.509122,45.535196
7.172511,-30.741899
-12.678852,-60.511830
46.543078,-58.507785
-33.510726,-21.657740
21.880264,8.827473
-2.874448,5.055401
89.492926,48.526368
-77.499389,-11.672219
5.904309,-1.325751
-17.795119,9.190453
38.502668,22.641457
-40.523162,47.528553
20.213959,1.488153
-2.908133,36.551042
75.501754,53.523317
-55.512149,-9.295882
8.801347,-73.508314
-8.937217,-63.498456
54.661085,-0.066650
-27.590291,5.868278
27.089253,19.486460
-0.159304,20.438114
112.488184,-8.777892
-110.493365,16.977897
-0.010742,82.507655
-26.453081,1.328774
28.519839,38.570302
-52.920768,6.717099
11.025383,11.283208
-9.806185,10.402924
58.511105,-47.543621
-72.504362,50.526818
3.589573,41.595258
-17.384081,-20.488053
43.428267,2.170459
-37.538237,-30.531934
18.841674,-9.293536
-1.993057,-34.887080
81.499326,-70.503112
-87.496041,31.552672
3.722518,-9.461046
-20.694787,16.802054
34.626446,17.572872
-44.519730,-2.753376
14.117114,23.622171
-8.644645,0.887342
68.491864,-6.944984
-61.519392,6.470727
9.597504,17.424258
-11.939230,21.781883
49.517421,-53.528277
-31.591616,38.614584
23.994572,-9.362937
-1.867661,12.630434
97.490240,-16.624638
-97.491608,34.549496
2.080367,9.519613
-24.757794,-13.933783
32.662509,0.004428
-48.601232,-1.882446
13.758450,14.616869
-10.457630,3.322033
62.512195,19.635207
-66.509033,-79.498926
4.595856,38.599921
-17.329506,-2.139826
45.515801,-49.555598
-34.800733,-1.049669
20.592895,24.578300
-0.158241,-45.548900
88.493442,-33.573163
-79.500170,-66.507305
1.582909,-49.526720
-18.593285,80.500315
37.558212,68.512843
-40.533407,-97.491963
16.631921,-113.487244
-6.094290,-11.671731
74.501772,-24.591500
-56.530001,-26.614322
11.127658,13.787832
-9.849366,23.849860
53.526011,-34.561182
-28.611234,7.208186
25.579125,118.485791
-0.195874,-11.601115
109.488070,-45.529525
-103.488922,25.734201
0.357473,28.325346
-24.602375,76.497413
30.514471,-59.516262
-50.514535,-48.547690
13.566024,5.690898
-10.331791,4.319945
60.521495,-46.536166
-69.501091,-2.119726
4.075873,32.632315
-16.273620,-7.253607
43.535030,-44.529742
-35.577590,-82.497610
19.568084,30.556884
-0.965686,111.488707
84.500639,13.691670
-83.499969,5.092897
2.380074,-38.675181
-20.808013,42.016309
37.221454,0.251290
-42.561267,-64.511024
15.722226,5.828139
-7.376479,5.555863
71.501006,-22.570042
-59.515285,100.494081
8.865128,8.228811
-12.455815,12.975091
51.689798,2.875469
-29.779495,-4.739511
24.591873,31.606838
-1.552024,3.234244
102.490441,-57.515886
-92.492416,-6.793899
3.127597,-2.421684
-23.098682,-3.681750
33.542971,-55.527837
-46.527022,-32.571680
14.804250,5.109454
-9.269272,-7.150790
65.499759,-26.908538
-63.510951,-92.493295
8.524767,9.990825
-13.559314,9.080432
47.537407,-61.509299
-32.580796,-56.527928
22.607163,-36.510052
-0.157849,48.549839
92.492867,44.535785
-76.504091,37.529972
2.135013,84.504574
-16.557716,-59.503378
39.652069,33.564524
-39.566578,53.526357
17.626278,-86.492365
-3.537939,-22.702628
77.510568,-11.594414
-54.546770,-1.999365
12.483108,4.233843
-12.707428,1.741687
55.497385,-4.753249
-26.633315,-13.955001
28.070517,-5.435823
0.007009,-30.088256
119.485071,-5.875427
-117.485569,19.614381
0.316953,-1.470406
-26.621621,59.512602
27.583259,114.486851
-53.518437,-51.531688
9.448040,70.611222
-7.833454,-70.500289
56.498766,-0.037212
-75.503085,57.514540
6.322466,-10.155293
-18.358609,3.171212
40.516862,-50.522165
-38.565066,-38.531652
19.577171,4.795830
-4.971084,15.861762
78.495019,29.556612
-90.493676,5.911252
0.198778,40.593759
-21.576518,82.494933
33.743043,6.353309
-46.546191,39.526122
13.645126,-103.489343
-5.826581,21.952998
66.517205,-47.538927
-63.517381,47.535432
5.865524,-118.486438
-12.702189,103.488752
48.535631,-47.535705
-32.584949,21.672093
24.088181,5.252763
-0.117414,-54.528572
93.496103,5.912315
-100.490846,-31.558445
1.366992,-22.202825
-25.058298,-12.913914
30.623041,24.699495
-49.811575,-0.051143
10.719279,104.488813
-5.805572,-77.496706
60.518469,51.526286
-68.505571,49.528335
7.435588,-15.857819
-14.656817,26.596578
44.563637,-31.566742
-35.638767,7.221279
20.637701,-61.497879
-3.543683,-8.637155
85.495496,10.659188
-82.652198,-0.041520
4.951780,3.867523
-21.174708,-20.592654
37.553338,-42.547616
-42.560177,1.507124
14.640720,87.500589
-4.061297,33.798010
73.502721,-60.522860
-58.513315,58.512290
6.834361,109.488523
-9.760501,-39.622252
52.520103,-45.535182
-29.613692,67.508801
25.638770,-42.550821
-0.431073,31.998875
104.489391,48.522667
-107.489109,-3.967576
0.859334,-18.413938
-24.579853,-104.490793
29.747679,-15.849602
-51.503391,-16.610392
10.891716,-40.513776
-9.135434,73.707725
58.507083,59.519994
-71.522627,-4.380995
5.805833,-28.670083
-15.858356,11.937094
42.534981,-57.518009
-36.560368,-42.528438
18.713986,75.494786
-5.223826,-2.362244
82.497728,-43.530205
-86.500736,16.652621
3.898163,9.582025
-20.609769,114.486828
35.575277,-19.742599
-44.535599,67.514163
14.744814,-71.495131
-3.233985,-100.493268
69.509644,-39.597860
-60.528830,24.572801
6.861704,-57.553161
-10.696638,-69.493061
49.513922,48.531803
-30.674816,-14.747745
23.612798,29.573903
-0.684964,68.525269
98.492811,4.021415
-94.492724,-49.524731
0.292316,69.522816
-23.511344,41.930233
32.595640,-69.509980
-47.528623,-92.491648
11.702134,108.488487
-6.223746,62.521923
63.516905,15.656552
-65.533511,0.007011
5.327752,-45.532951
-12.705906,-94.492265
45.534858,70.512284
-33.537517,-85.503040
22.061501,-6.448864
-3.478041,1.370622
89.495208,17.605873
-78.520955,1.953769
5.479626,-9.350639
-19.268943,-8.157517
38.975397,-0.046506
-40.998863,6.522306
17.065979,-11.627244
-5.577519,12.112959
75.502334,-27.593721
-55.523215,-35.524748
7.930887,64.500012
-8.778457,-102.491643
54.529796,-12.668962
-27.807795,-18.884162
26.650955,6.213909
-0.436128,13.552916
111.487692,-25.586043
-111.488128,6.846501
-0.026416,43.663887
-25.853423,-9.966489
29.702878,22.879295
-52.520870,-32.555669
13.714038,3.177445
-12.098157,3.319462
57.513310,32.559119
-72.504634,-59.516741
3.906572,23.130365
-15.594203,-37.584331
41.598637,-19.829811
-38.547382,92.492743
19.799213,-31.805300
-0.958622,-63.506535
80.498812,48.533880
-87.497185,-27.564751
3.119539,-15.262588
-20.981227,2.635408
35.550944,-0.054602
-44.540371,-28.605047
15.052889,14.146061
-8.506752,-4.606275
67.506901,46.529089
-61.499134,-17.651183
10.542090,-0.229143
-13.849195,6.418677
49.523370,-103.490156
-31.713276,-7.562060
23.787036,-27.739061
-2.454083,1.332825
96.492022,32.556985
-98.491592,67.506815
2.307521,4.198771
-22.650580,-68.489115
31.711759,-15.679620
-48.572757,-14.734245
13.812542,7.431372
-10.697091,-1.652588
62.529947,-0.071868
-67.510952,43.537221
7.844390,17.517362
-14.887454,-8.798509
44.529853,104.490234
-34.540028,-31.590108
22.679716,5.748721
-0.210429,-92.490293
87.495550,23.569950
-80.503926,40.526594
0.827279,117.487332
-19.355179,38.858790
37.522530,45.518535
-41.626786,21.710487
15.550684,32.547780
-4.208680,-20.798395
74.502269,-90.494794
-57.523917,71.506164
12.432209,-0.147535
-11.485706,13.242663
53.516745,-88.497197
-28.908105,-4.541544
25.537963,70.510993
-0.163161,-17.929819
107.489019,25.583961
-103.658840,4.286809
1.139273,12.136525
-24.665875,44.576252
30.552750,-87.492365
-50.523974,-101.490043
15.397289,-0.280446
-10.373402,-5.304203
59.519581,37.551076
-70.502877,78.501421
4.001548,20.034425
-14.820607,-26.580059
43.530796,-109.488274
-36.572640,70.498845
20.550751,11.657879
-1.876913,27.666171
83.497404,24.594958
-83.498522,-24.599756
0.767455,-58.525908
-19.737219,9.934909
36.621486,-34.574471
-43.535578,103.488387
17.899638,-1.773801
-7.043791,-5.533103
70.506617,67.508228
-59.507739,37.534658
11.274428,2.669028
-13.957430,2.610785
51.508999,-36.550049
-29.546876,-26.643373
24.679508,7.526795
-1.300185,-3.331846
101.490395,9.751469
-93.492339,49.527381
2.674935,-9.520719
-22.303488,-20.516250
32.540516,63.511175
-46.527293,-66.502814
16.323132,1.114652
-7.903592,-11.904927
64.509497,93.492197
-64.504059,42.531119
8.418903,5.262265
-17.153618,0.589170
46.537512,63.518927
-32.557562,-109.488680
22.579390,-55.534325
-0.751461,25.980867
92.491066,-0.803446
-76.504113,7.089138
2.364909,54.524679
-16.645674,-92.491456
39.538424,9.956955
-39.608866,10.745462
16.682998,90.495488
-2.399968,-45.587751
76.500268,63.513158
-54.516016,-99.492585
12.797108,-3.207795
-11.885470,-7.370895
55.521188,-44.530883
-26.575863,-26.503869
27.565864,-39.548351
-0.029254,-72.505686
116.487162,-22.603379
-113.492182,23.582957
0.574184,13.603267
-25.570966,-85.497062
28.660304,-18.607432
-53.624857,14.136247
10.224137,-19.348880
-8.793967,-17.179431
56.517301,105.489162
-74.501501,83.497243
6.521596,4.559308
-17.074169,46.846667
40.557795,38.544793
-38.715479,13.192410
17.586304,57.526265
-2.063794,48.524846
79.500864,16.647923
-89.496431,20.580333
0.835699,-87.495583
-20.680603,-32.576145
34.561888,-73.503486
-45.529777,19.706836
14.600351,-9.842832
-4.091329,-91.493469
66.508291,76.501931
-62.516870,29.536616
9.735472,-15.077952
-11.952894,-26.440430
48.590775,1.555066
-31.565622,-99.490479
22.636651,57.517979
-1.829498,-16.475446
94.489409,-9.744166
-99.490200,-25.586029
1.671380,-11.412088
-23.546796,13.842764
31.561088,-108.489138
-49.532677,90.494629
12.250544,-19.761203
-7.750182,-18.142564
61.516905,-1.634189
-67.507564,-37.552572
8.553085,-1.827450
-13.696389,-51.544253
45.961374,2.146982
-35.542234,48.535209
20.779334,-10.909159
-3.518276,9.932672
86.497053,66.507484
-81.499156,66.507068
1.606322,25.718433
-19.912450,-2.792743
37.680982,-5.903428
-42.540311,90.493618
17.400058,-5.866120
-2.236871,-115.486952
73.515887,3.692137
-57.531319,-7.851017
9.387740,-21.626272
-13.239198,-3.424265
52.529448,10.864785
-28.590588,-64.516149
27.286629,0.184876
-0.078488,-66.516933
106.489438,-13.676533
-105.490373,-6.868945
0.909263,-5.199835
-25.061148,-4.009099
30.147289,7.238978
-51.540455,24.574116
11.807129,-22.096440
-7.020197,-55.524260
59.524942,-39.598121
-71.506041,87.494688
7.569094,2.441049
-15.680202,75.517847
42.843709,-0.987025
-37.160803,2.355239
19.638016,-11.298726
-4.447272,7.401918
82.497992,66.507934
-84.497570,-54.519296
1.152855,29.616663
-21.654726,-20.113563
35.536733,80.496230
-43.548737,-24.625361
16.442289,-25.758866
-5.278494,-24.575551
70.506684,-65.508150
-59.515267,-74.499404
9.722238,-27.883928
-12.685638,-10.909780
51.537115,-0.007370
-30.547900,26.592943
24.577552,-106.490436
-0.280347,-26.971659
100.492955,-37.535380
-94.492792,6.899268
0.534819,-43.536640
-21.623112,-70.509939
32.766963,5.614428
-47.547849,23.599449
12.940381,-37.628200
-5.202963,-47.530947
64.528168,-55.547062
-64.505669,-64.510412
7.288564,-21.397963
-13.382227,-23.870718
46.553129,-13.620736
-34.007809,-0.647787
21.523175,27.640882
-2.900883,12.635104
90.495305,-5.034921
-77.504228,20.555940
5.097949,12.361158
-18.672638,17.810833
39.518498,-74.506809
-40.543444,96.492240
17.222227,9.017724
-2.502143,93.493111
76.501686,-65.507637
-55.602230,14.213333
9.634426,-32.898511
-8.916925,-38.482918
54.517047,47.524534
-27.549304,16.853843
26.557224,50.520676
-0.000326,49.576014
113.487222,19.604855
-108.489088,-24.586658
0.228947,-53.533988
-25.634278,13.822491
28.565494,71.506840
-52.512925,68.510137
10.149503,26.772985
-8.804157,19.739262
58.517930,-14.662844
-71.504955,-93.493470
3.162973,-100.491489
-16.549038,-5.680978
41.546314,12.896614
-37.794744,0.605049
19.496865,7.877328
-4.496471,-18.563438
81.496972,3.534837
-86.496722,-73.503507
4.116896,-3.081411
-20.718828,32.479524
34.563826,43.503924
-44.743587,7.902600
13.676669,54.534865
-7.819363,10.721998
68.505193,14.670994
-60.515175,-77.503353
6.392929,30.852078
-11.840305,34.555963
49.538701,-10.904692
-31.549415,70.511056
25.284370,-2.822786
-1.240131,18.633567
97.492508,41.536808
-96.502564,1.471765
1.444331,15.675400
-23.937000,-1.409374
31.726723,21.551898
-48.608867,20.655597
11.791376,25.699140
-7.950688,12.550878
62.512556,85.496372
-66.499818,-4.168674
4.562263,65.516791
-14.639698,10.898885
45.604669,-3.858459
-34.615367,46.513754
20.630164,71.504228
-2.178050,-21.206588
88.502403,0.012632
-79.585076,-3.638643
3.960967,-28.713576
-17.627751,-96.492955
37.543705,110.488956
-40.530484,-63.508221
16.576869,-58.534129
-6.722522,-3.059314
74.510541,0.151065
-56.529944,26.611910
10.405322,17.788714
-9.926921,43.548591
53.519917,20.690885
-28.544535,51.532521
26.525081,-32.605453
-0.442246,-2.459899
109.487054,13.682429
-102.490886,-50.524979
0.018323,110.491582
-24.587387,118.485627
30.899449,-13.952902
-50.566603,1.730706
12.025497,15.047046
-7.614716,17.924058
60.537067,-11.751265
-69.509898,36.547633
5.084209,74.115604
-18.468477,0.763356
43.553633,7.299542
-35.549283,-54.516379
19.608387,98.491133
-1.606442,-31.937877
84.498488,52.518044
-83.497359,26.573569
3.234082,-25.851306
-18.656417,-60.515731
36.617277,10.005417
-42.557485,-39.539898
14.721396,29.544907
-6.351563,9.988087
71.501705,42.538172
-58.511122,-55.517540
7.209945,27.630764
-11.254990,38.475106
51.526491,37.540218
-29.836138,4.538678
24.571374,79.510193
-1.477952,7.052630
103.488426,-0.045247
-91.497435,-2.199315
3.065300,6.925626
-21.770286,7.681117
33.557622,-23.823350
-46.555617,-6.516534
13.895991,12.845155
-9.499269,-0.900602
65.517875,18.570113
-63.514731,-41.536583
8.641493,17.623912
-13.460234,20.354578
47.541071,-1.829615
-33.095426,-5.856287
23.214508,-23.915345
-0.344742,91.492881
93.492154,-45.528946
-76.501445,91.494043
2.895024,-57.526207
-16.699174,-32.434375
39.546272,66.504482
-38.541740,-111.488551
20.034851,-30.074653
-5.592669,-7.600262
77.500616,88.495700
-54.552819,18.709519
10.422127,10.522345
-10.630327,12.384297
55.524916,27.566703
-27.931289,-0.241986
28.241846,3.788301
0.206596,-21.062088
120.484795,3.996320
-117.486331,7.800806
0.320545,-4.237465
-26.683855,37.565724
27.577868,62.506393
-53.511184,-60.511110
8.786859,47.502151
-8.756532,104.489972
56.505746,-16.599307
-75.500642,16.611268
5.863198,-15.845895
-19.823168,-0.714537
40.531946,-59.520240
-38.574080,-56.501763
21.201855,-0.742826
-5.056370,9.514247
78.496353,13.660756
-90.497865,0.054569
0.984189,31.235931
-21.734249,39.268684
34.830647,3.107242
-46.635968,16.105793
13.524410,74.522970
-7.322212,13.656644
66.508262,-92.494254
-63.514962,16.668271
5.158961,85.502971
-12.883883,69.495318
48.526282,-74.502436
-32.867127,7.604699
26.043103,-0.734064
-0.221553,-71.515607
93.496807,0.083665
-101.490924,57.514997
0.674037,-32.304714
-23.792451,-17.205773
30.575871,14.739184
-49.541314,-54.505608
11.424143,78.522972
-5.850973,-105.489858
60.508950,41.540175
-68.505799,3.836333
5.940979,-18.780061
-16.153446,22.238680
44.551064,-55.508115
-35.625397,-2.541129
20.622172,-82.497139
-3.384918,-13.970995
85.488582,-4.066395
-82.498331,-11.733057
5.064921,-0.592236
-19.108656,-22.009194
37.545918,-93.494232
-42.491123,-11.759617
14.795285,76.511990
-4.098841,26.585541
72.498838,-2.654216
-58.521462,32.573723
6.892408,94.492761
-9.841445,-65.525265
52.531315,-54.516908
-29.547541,40.572696
25.582115,-51.527693
-0.299769,24.400831
104.488598,15.630259
-107.488547,-20.614512
1.023437,-20.376916
-25.649017,48.536313
29.520187,-37.563714
-51.515823,-25.624625
10.662978,-59.520939
-7.984322,52.515280
58.508795,49.519981
-71.495041,-13.702361
4.780288,-33.831096
-15.988765,7.751048
42.550605,-73.501312
-36.524089,-62.516674
18.622401,55.502891
-4.689050,-4.197223
82.497755,-77.501208
-86.500396,4.198861
3.791960,5.900812
-20.597576,95.494393
35.605158,-40.616071
-44.521959,56.526539
14.690917,-84.495177
-4.035556,97.491822
71.163609,-59.064206
-60.557002,13.052648
6.840265,-96.493438
-10.697966,-98.489750
49.527800,29.563049
-30.676885,-24.506596
23.532552,25.582497
-0.004536,58.522465
98.495170,-1.259074
-95.491585,16.649067
0.008063,59.499624
-22.654711,22.621503
32.565061,-94.495527
-48.527270,109.488301
11.803547,68.510963
-6.134263,42.653160
63.526352,-3.343948
-65.509060,-48.524217
5.012257,-61.516027
-13.729425,62.513698
45.512306,61.504368
-34.547224,100.490465
21.688438,-14.985452
-3.256223,-1.454517
89.499193,-12.590967
-78.500537,-17.627496
5.061244,-12.336946
-18.297597,-11.547111
38.540321,-21.579685
-40.565121,-6.641287
17.069870,-20.088811
-6.396439,5.536656
75.503493,-73.503881
-55.522227,-62.516693
7.929398,54.545626
-9.725847,110.487504
54.520266,-23.566659
-27.543286,-33.647217
28.084783,-3.571916
-0.381677,9.703789
111.487694,-38.541170
-111.486859,-14.653949
0.243381,31.947825
-26.225695,-13.039216
28.525623,10.988505
-52.522341,-81.498035
13.308169,-2.334540
-12.266717,-0.719313
57.530429,9.825210
-72.503117,-81.499095
5.801469,15.997822
-15.616025,-62.515399
41.542393,-40.540495
-38.571444,73.503251
18.733400,-49.521319
-0.913157,-99.491718
80.499706,22.583910
-88.492652,23.595090
3.369994,-17.803648
-20.937969,-5.707909
34.719688,-7.233963
-44.547124,-42.550491
16.344905,4.332382
-7.278168,-11.137875
67.509596,36.549685
-61.528751,-33.562409
9.634980,-4.500911
-14.766743,3.768950
48.518691,53.515575
-31.647749,-12.384889
23.621392,-40.564423
-2.271622,-3.182474
96.495745,-25.579297
-98.491499,51.523250
2.503656,1.495829
-23.607029,94.490315
31.644486,-27.567479
-48.521881,-21.644089
16.174927,1.958151
-10.133663,-6.248391
62.556248,-29.587485
-67.504088,16.633469
8.591271,15.544242
-14.606928,-11.275644
44.529800,92.492556
-34.514901,-44.545957
24.575467,3.522310
-1.428205,59.519878
87.503852,-3.221875
-80.494865,10.746815
1.337280,102.488236
-19.043130,14.731035
37.635344,33.615508
-41.801556,3.887312
15.699098,19.794256
-3.323157,-28.597524
73.504302,87.495187
-57.522347,40.537341
11.523714,-4.939489
-11.465799,10.241291
52.520817,100.490871
-28.900310,-10.181267
25.654008,45.531865
-0.535547,-20.532245
107.491907,0.277063
-103.489334,-24.581150
1.199824,6.789119
-24.597602,26.762398
29.567796,107.488160
-51.516052,76.506551
15.089019,-2.361974
-9.456221,-9.516840
59.505842,13.637231
-70.507533,46.528765
4.701658,17.051041
-14.647711,-45.502274
42.525953,69.507068
-36.524409,52.542384
20.888092,7.865909
-3.975264,18.485060
83.496638,0.030186
-83.497820,-70.504680
1.441776,-66.519252
-20.385711,5.225059
36.549529,-54.512864
-43.528487,53.524930
17.314621,-3.528051
-7.639013,-7.446377
70.503775,24.570975
-59.683110,-3.203221
11.600261,0.517361
-15.290917,0.803867
51.507470,-57.526277
-29.561288,-48.525869
25.788551,0.689947
-1.099932,-9.784518
101.491490,-7.764032
-93.493534,30.564190
2.438927,-16.327699
-21.761689,-34.549177
32.555462,48.505909
-47.525697,98.493377
15.322478,-4.925664
-5.858975,-21.664786
64.503411,38.554134
-64.503353,11.858617
9.629956,0.875730
-16.767355,-1.009048
46.519647,44.549672
-33.562948,29.611986
22.613889,-71.496621
-1.481302,21.641621
92.493527,-50.522005
-76.502488,-27.577619
1.934863,40.573653
-17.566609,61.529843
39.968816,2.401869
-40.023409,2.870402
16.690493,68.510125
-1.823423,-78.492204
76.501120,46.528547
-55.522800,68.505211
10.737502,-11.527710
-11.150477,-9.568207
55.517230,-82.498187
-26.635395,-41.539051
27.571577,-56.537467
0.155202,-80.515641
115.486384,5.869000
-114.486915,-9.719840
0.541625,9.755811
-25.602368,-96.490606
28.588292,-22.834763
-53.563380,1.939100
9.810562,-47.509136
-9.035190,-23.118331
56.518058,86.495060
-74.499697,21.580726
6.965032,0.314133
-16.920566,31.774957
40.539024,16.601939
-38.665760,0.050862
17.704437,38.500441
-2.498044,34.924551
79.504129,1.075411
-89.493172,-22.597073
0.182273,97.498130
-20.584866,-73.505088
33.545481,97.492645
-45.510799,-9.294374
15.777167,-14.677132
-4.953553,107.487122
66.509087,59.510999
-62.529506,1.346755
7.592415,-19.593742
-13.465252,-34.623623
49.848433,0.026835
-32.548979,89.493023
22.531828,33.544215
-1.483153,-18.622115
94.493041,-41.542497
-99.490372,-48.523234
1.730157,-14.201673
-23.784838,3.567331
30.735056,83.509871
-49.516094,35.583484
12.075290,-35.695618
-7.152926,-25.627142
61.517300,-18.652206
-67.506696,-54.517005
7.924818,-5.557922
-13.710808,-99.492174
44.570318,-5.668424
-35.542889,30.613251
21.200991,-23.665227
-4.305685,0.594954
86.500148,3.221828
-81.497441,7.826796
3.711322,14.379051
-19.070885,-5.135477
37.619498,-11.855092
-42.514111,50.536095
15.999061,-10.842725
-3.461655,84.501408
73.509390,-6.964838
-57.510089,-31.582245
8.057210,-44.601563
-12.124150,-10.092527
52.467525,-6.394574
-28.568642,-83.499075
26.773564,-2.788229
0.020069,108.513107
106.488824,-30.559469
-105.488923,-46.528585
1.235679,-6.980095
-24.584190,-32.569976
31.960782,3.657854
-51.586763,3.793218
12.329919,-27.946308
-6.803413,-95.492314
59.517339,-67.504519
-71.507708,30.561484
7.178976,-8.764167
-15.711267,55.520748
42.552043,-8.437611
-36.574269,-11.102297
19.694375,-33.731482
-4.664793,4.756632
82.505175,0.868117
-85.495765,46.527775
1.659996,21.856467
-19.554721,-29.495787
36.275229,34.110070
-43.529487,-87.497231
15.712312,-32.236103
-4.158306,-32.668879
69.504458,56.515724
-59.514119,-96.492752
8.422644,-33.107054
-11.800808,-14.168802
50.532334,-21.606096
-30.596565,18.641271
23.603185,97.490343
-0.273823,-31.325119
99.488672,-13.666277
-94.492690,0.217073
0.055263,-48.550217
-21.602674,-113.487312
32.685945,-4.535243
-47.555593,-11.707329
12.646736,-50.532232
-5.092315,-66.525400
64.507364,-65.514750
-65.509439,88.495176
8.203353,-26.558205
-12.738484,-40.525059
46.542953,-37.536078
-33.666853,-11.015714
21.768625,16.872471
-2.890610,6.862536
90.494206,-55.516970
-77.663666,0.186424
5.828894,2.833496
-17.629014,13.288475
38.574105,31.553012
-41.843936,78.503710
17.509521,4.968052
-3.400270,42.591138
75.502189,81.498269
-55.537519,-4.683498
8.887718,-50.504188
-8.706090,-53.495873
54.550103,5.514290
-27.770498,9.884319
26.549271,29.513904
-0.113935,37.736592
113.485289,-0.176238
-108.488769,-49.524513
0.210749,-60.555630
-25.619602,9.872154
28.568545,53.516059
-52.527768,17.029388
10.050272,19.749637
-8.756602,13.286312
58.530678,-19.732367
-72.502398,70.506624
2.425832,96.488907
-16.124741,-14.158514
42.157761,4.571254
-37.575563,-20.605104
21.734270,0.802093
-2.279253,-24.807060
81.499808,-47.525702
-87.495627,61.511934
3.933571,-6.670598
-20.684367,23.654354
34.550291,26.605131
-44.648212,0.258403
13.557377,27.593974
-8.426479,3.293335
68.503404,4.047738
-61.512673,55.517070
6.363161,22.577626
-11.856577,28.648135
49.526685,-17.683686
-31.554222,50.499391
24.665736,-6.763721
-1.943266,15.417875
97.489024,0.120218
-96.491760,-13.710005
2.086357,13.135758
-23.144666,-5.997376
31.752655,9.563171
-48.691336,11.139831
12.033992,19.107115
-9.655143,8.839058
62.516198,55.515835
-66.533243,-23.059250
4.274018,57.488331
-16.267274,3.381955
45.593718,-28.831562
-34.651159,2.635980
20.630844,51.509142
-1.471696,-24.110653
88.493541,-7.885622
-79.498675,-53.519981
2.744841,-41.582451
-18.614824,105.487509
37.552923,82.504660
-40.557273,-78.501982
16.655702,-90.489304
-6.529340,-7.759300
74.517525,-4.207138
-56.516140,-14.684137
11.441545,15.998809
-9.739791,29.539872
53.570430,3.328945
-28.593109,31.623094
26.591236,-63.509775
-0.708563,-5.310597
109.486163,-5.887391
-103.489909,34.552086
0.005854,45.656625
-24.587285,103.490498
30.659213,-23.843466
-50.551219,-19.597546
13.092231,8.524204
-9.891348,7.848625
60.572794,-35.793536
-69.510269,24.581577
3.953437,44.530513
-18.396398,-0.926924
43.565075,-12.672232
-35.540034,-70.504570
19.530193,43.517345
-1.171129,-50.524718
84.497458,40.540234
-83.495186,18.670143
2.910887,-30.607936
-19.597012,74.508241
37.982103,4.374346
-42.519134,-48.525739
16.565666,11.204332
-7.180335,8.301706
71.513646,0.017958
-58.518978,-86.495082
10.955732,12.716433
-11.196415,19.043643
51.536226,8.830173
-30.380370,-0.057488
24.599044,63.512449
-1.176878,5.170108
102.489538,30.559427
-92.494111,61.512149
3.394064,-0.449768
-23.362382,0.073176
33.550514,-50.515251
-46.497698,-16.692790
14.364666,10.334463
-9.586776,-2.723608
65.503021,1.509042
-63.508648,-83.496658
9.761620,15.473741
-13.716552,10.932942
47.531975,-21.590934
-32.552294,-26.569167
22.664634,-30.605782
-0.548969,61.526680
92.493491,69.506716
-76.500199,66.508228
2.368781,-93.494992
-16.687338,-42.529316
39.550831,46.533841
-39.530789,88.494527
17.708417,-46.545647
-4.964589,-13.323427
77.504026,24.597311
-54.984635,4.369614
10.831674,6.947518
-10.981501,8.021952
55.515564,11.806922
-27.418645,-4.852261
28.516049,0.570602
0.161475,-25.689401
119.483544,0.050283
-116.487468,25.612650
0.517830,0.570418
-26.609602,70.508381
28.584097,-54.509215
-53.518525,-26.614341
8.794145,87.497189
-8.047189,-46.568559
56.510818,15.600444
-75.503619,73.503342
6.617891,-6.353653
-17.303017,10.058754
40.526877,-26.667861
-38.587115,-26.639746
19.061113,15.177696
-5.114308,18.842408
78.501160,42.533531
-89.494060,-61.512909
0.479599,52.530138
-20.606053,-108.487006
33.547178,29.617468
-45.531259,-101.488962
13.635383,-61.504201
-5.963359,35.560715
66.513081,-24.546534
-63.509726,94.493336
5.937723,-92.492832
-11.697664,-116.486570
48.520319,-34.570111
-32.594773,33.537150
23.669756,6.935094
-0.021599,-47.553873
93.495632,19.626764
-100.489136,-6.815875
2.153046,-20.167963
-24.629986,-2.600581
30.595842,37.534572
-50.315920,8.959702
11.653952,-92.494031
-6.573409,-59.729744
60.512874,99.492114
-68.505283,84.496631
7.201653,-11.393415
-14.695690,34.416398
44.523519,-22.617882
-35.604249,13.009502
20.873727,-40.508898
-3.499815,-5.849541
85.496339,35.542932
-82.497216,36.550480
4.659301,7.538960
-18.925270,-10.478618
37.520649,-31.571686
-43.110558,13.981784
15.657127,-63.521467
-3.520566,44.615426
73.506077,-44.528599
-58.519001,95.491934
7.853019,-83.497184
-11.056708,-21.713686
52.547217,-25.798574
-29.567375,103.490507
25.669646,-24.719020
-0.180820,54.555525
105.489142,-8.782647
-107.488762,29.576149
0.930263,-13.422760
-24.618588,-60.503993
29.880558,-10.422303
-51.529522,-9.326307
11.838563,-33.038233
-7.752284,100.490316
58.514304,82.498202
-71.511450,0.052428
4.825459,-19.418026
-16.234108,38.519347
42.535574,-48.517307
-36.508006,-27.639087
18.695348,82.500111
-5.396185,-0.451079
82.496810,-33.559678
-85.496444,-42.535605
3.492564,12.270352
-19.629729,-65.522836
36.405499,-2.571040
-44.531369,84.498255
14.732153,-48.542434
-3.182677,-64.519251
69.504769,-2.132784
-60.513450,32.581282
6.893359,-48.529928
-10.867970,-42.586140
49.527848,103.489213
-30.797789,0.840668
23.654022,39.552291
-0.003748,103.485351
98.490228,11.717382
-94.492506,-34.545494
0.157632,77.540360
-22.595896,48.577958
32.575194,-58.511101
-47.509410,-56.520068
12.736853,-80.491904
-6.198684,78.517347
63.506730,44.536042
-65.505875,21.565709
5.899134,-35.680053
-12.715991,-76.503142
46.544176,-83.491413
-33.582505,-38.530786
23.399101,0.636935
-3.304406,3.297237
89.495154,31.565176
-78.498537,42.543995
5.533804,-7.552514
-19.351973,5.343541
39.045639,4.118016
-40.555354,30.541177
17.641407,-6.808120
-4.694650,19.832330
75.513852,-1.358333
-55.510736,-24.544689
7.800447,121.484936
-8.757843,-88.494904
54.526500,-2.186432
-29.076466,0.279105
26.572896,9.909746
0.086753,16.483796
111.487496,23.591340
-111.487071,36.547915
-0.025103,57.539370
-27.840493,-3.040001
28.583627,29.568797
-52.534471,-1.112561
12.078922,7.646234
-10.656294,6.997543
58.508433,-62.512836
-72.689081,-0.028720
2.900912,30.648318
-16.228152,-22.640691
41.655718,-5.853921
-37.518267,-48.536617
19.572523,-21.017742
-1.402317,-40.572817
80.498614,69.507194
-87.500396,-2.087262
3.285981,-11.781005
-21.053891,6.254778
34.648380,11.895055
-44.547105,-6.676340
14.290165,18.007081
-8.500650,-2.653388
68.510641,-45.553206
-61.508363,-10.953856
9.813319,4.562959
-12.706939,16.073578
49.523433,-77.503725
-31.590467,3.626683
23.771388,-16.513484
-2.055414,7.902451
97.491545,-51.521116
-97.496801,-10.719943
2.189282,5.995088
-22.694795,-30.621301
31.854635,-10.303562
-48.560012,-7.076034
12.523379,10.158492
-10.584678,0.507623
62.515233,8.849810
-67.507415,95.492379
5.123934,28.643408
-14.947582,-5.973922
45.522799,-86.499538
-34.497171,-13.727992
21.033680,11.713847
-1.069731,-66.516061
87.494921,71.504470
-80.499232,72.503451
1.570044,-112.489314
-18.684831,52.549103
37.572820,54.525352
-41.518647,36.558576
15.627809,49.520917
-6.069162,-15.403481
74.507560,-48.528059
-56.516687,-67.507817
10.656704,5.175391
-10.404512,17.706522
53.520157,-60.515754
-28.684934,2.775880
25.590585,104.489961
-0.189416,-14.315824
108.488741,30.560021
-103.490503,11.732720
0.343365,23.226975
-24.538866,60.523842
30.591639,-72.505624
-50.524522,-76.501604
14.544319,2.370488
-11.496007,0.935905
59.517032,94.494008
-69.744602,-27.885382
3.958870,24.664446
-14.963386,-13.245763
43.544476,-77.502672
-35.549474,-106.488262
19.923139,21.783992
-2.728300,74.510883
84.491995,-6.943127
-83.497499,-2.922603
1.990546,-51.513078
-19.773764,20.761931
36.604528,-17.622686
-42.538522,-93.491810
18.763960,1.709512
-7.818930,-0.816946
70.504877,96.492020
-59.511636,66.509540
10.233145,6.134777
-12.175856,8.584256
51.517477,-0.702547
-29.548117,-8.565409
28.041655,22.776508
-1.365788,-0.514658
101.489648,36.544647
-93.493196,68.507091
3.006726,-5.908170
-22.109906,-8.542847
32.579555,88.495785
-46.539427,-51.527477
15.610489,3.192590
-8.367007,-9.259943
65.516783,-62.518599
-64.510468,61.511115
7.934903,7.609990
-14.608476,7.163357
46.525336,87.496236
-32.537231,-67.506718
22.604024,-50.512956
-0.550006,35.620387
92.494362,23.594372
-76.502314,25.591245
1.891971,66.522541
-16.655194,-74.515928
39.565536,20.590493
-39.517108,23.700619
16.640588,119.484986
-1.980498,-37.568290
77.503645,-30.613823
-54.521081,-44.539358
13.310007,0.627833
-13.232203,-2.542892
55.541133,-36.547546
-26.579118,-17.692409
27.825044,-9.642028
0.003680,-63.501967
118.485462,9.723979
-112.486824,-18.622663
0.138229,15.570981
-25.580968,-57.515679
28.705622,-6.998794
-53.519889,30.584940
12.333141,-8.780344
-9.756727,-13.757448
57.511734,-69.512572
-73.506200,-29.583179
6.148852,9.125190
-16.642332,98.491393
40.546339,49.531095
-38.540852,19.842161
18.614237,-108.488396
-2.643168,56.500405
80.498927,-73.504082
-89.494531,56.518038
1.208978,-72.510315
-20.730679,-22.054809
34.618983,-34.648967
-45.552239,50.518708
15.689498,-8.137461
-4.026770,-62.495600
67.829066,-30.931025
-62.512681,82.497766
8.895180,-11.517203
-12.301781,-16.566051
48.572746,5.684945
-31.591543,-51.514676
22.590463,108.488882
-2.032912,-11.340943
95.491418,-21.612846
-98.491724,-58.514698
2.002734,-8.578366
-23.664136,17.640321
31.565306,-90.497248
-48.527057,-72.508549
12.990006,-10.775104
-8.460877,-15.297858
61.511848,58.517120
-67.510596,-12.765729
8.703004,0.010149
-13.811723,-33.460631
44.684106,6.373978
-35.546879,92.492557
21.810865,-8.148962
-1.701886,22.951233
87.496007,-61.512499
-80.500261,-44.527571
1.740382,33.784022
-20.999142,-0.039947
38.045249,-1.399553
-41.523105,-29.560768
20.193021,-0.354341
-3.097877,-59.507170
73.495939,12.667730
-58.378789,-0.124389
9.472592,-15.992810
-14.276001,0.952708
52.525800,24.547742
-28.575460,-51.519423
25.914296,4.995217
-0.144633,-39.673243
106.492926,-0.585018
-105.499769,5.054492
1.356903,-2.427876
-27.061172,0.084295
29.655245,30.650842
-51.524281,39.532723
13.427156,-14.656521
-7.325136,-30.565736
59.524631,-9.760331
-70.504182,-47.530213
7.318381,5.887637
-15.646120,115.486316
42.526045,19.653757
-36.688433,10.917599
20.180954,-5.951461
-4.507788,12.118545
83.497096,-82.498641
-84.501444,-5.970307
1.399959,57.517430
-20.230545,-14.840508
36.531582,-84.496772
-43.864375,6.018421
14.832510,-19.465137
-6.175231,-18.189171
70.582159,-30.650626
-59.520156,-62.503016
9.830843,-11.388376
-13.379104,-6.790328
50.532718,45.523363
-30.549425,55.514529
24.648000,-55.509384
-0.133859,-23.939468
100.492131,44.531584
-94.492711,12.747725
0.848896,-28.833795
-21.630751,-55.532173
32.588003,10.014090
-47.527744,43.538671
15.340095,-30.400558
-5.455948,-42.507654
64.505600,-21.613950
-64.508114,-30.560425
7.889401,-15.093545
-13.469824,-19.137708
46.553214,18.540449
-33.863074,4.695600
21.569100,36.613867
-2.644097,14.708917
90.491246,27.575820
-77.501511,85.496636
5.397751,14.232160
-17.557895,23.969381
39.514132,-18.618985
-39.568697,-46.522478
16.688327,24.622392
-2.344927,104.490071
76.502531,-53.521885
-55.527158,30.580135
11.162507,-29.212559
-9.386729,-28.661497
54.516653,61.513932
-27.541268,28.552823
26.586678,67.508875
0.008017,78.511258
114.487639,-19.601183
-108.488594,-0.467366
0.090571,-41.765776
-25.711933,19.558608
28.742587,80.567892
-51.520056,-95.491979
10.690069,75.859361
-7.947843,23.874850
58.569781,0.427556
-71.503609,-56.513200
3.355414,-79.507718
-18.759962,-1.686484
41.548673,63.508280
-37.585520,29.551605
19.746142,13.824661
-4.415474,-15.067211
81.497994,12.649439
-86.495872,-38.538349
4.342730,0.522539
-20.624727,55.514316
34.559304,67.501049
-44.929035,16.129915
13.689347,92.494399
-7.044966,15.908722
68.503285,50.518358
-60.539757,-8.144492
6.392912,32.635175
-11.732747,58.513680
49.531935,7.028466
-31.560899,112.487642
25.379016,1.482747
-0.672409,21.455944
97.491843,67.507395
-96.492383,47.527068
1.030918,21.293569
-22.837391,4.418009
31.523705,40.568240
-48.524445,51.518160
11.651590,44.543633
-6.090975,25.625996
63.508356,-78.500326
-66.525478,10.845366
4.209427,82.514635
-14.030827,14.424471
45.705368,-0.050252
-34.550998,61.520100
21.598705,-118.486189
-2.860440,-17.265444
88.495145,44.528452
-79.496838,16.628884
3.910443,-22.286833
-17.621420,-52.522817
38.541918,-105.488436
-40.526648,-41.544939
16.622233,-50.558245
-6.850781,-1.230188
74.497799,23.576206
-56.510324,75.503001
7.869673,23.648332
-9.843489,54.540175
53.518544,54.512882
-28.565856,75.500904
26.668426,-26.725104
-0.397737,1.471966
109.488234,36.543314
-102.490331,-2.788501
0.019056,-110.489942
-23.552715,-62.529154
30.664803,-5.123696
-50.549682,20.645484
11.473101,21.632151
-7.048501,26.764463
60.500411,-0.091832
-69.504837,62.511867
3.123460,121.485674
-17.610789,4.092519
43.534834,26.529803
-35.571141,-38.555354
19.616255,114.486888
-1.372485,-26.820748
84.497781,74.502944
-83.496331,55.521004
4.296065,-17.347789
-18.756861,-43.520405
36.545525,62.513931
-42.556217,-32.578311
14.671760,43.530386
-6.750609,14.657528
71.503263,77.502235
-58.531833,-24.585412
7.321887,37.535819
-10.710214,93.487280
51.522174,75.500538
-29.518177,13.839323
25.590357,-99.489696
-1.347431,9.725023
103.489747,25.583519
-91.494311,34.546049
3.068793,10.169283
-21.643436,10.095072
33.632406,-12.643368
-46.600666,-1.962097
12.756762,30.621146
-9.397104,3.726186
65.507348,31.566377
-63.533922,-11.803633
5.206274,21.736411
-13.033499,40.530951
47.619902,8.309119
-33.053898,-1.499119
22.793400,-11.702583
-0.123249,-109.489336
93.494673,-30.540113
-75.501469,-50.523972
3.494202,-36.726594
-17.082344,-11.419934
39.539395,87.498396
-38.547130,-85.495929
18.567361,-18.099932
-5.807202,-4.682939
78.506785,-35.546652
-54.523322,60.514818
9.176276,18.996659
-9.057195,16.895030
55.519583,51.523454
-26.896681,2.292139
27.641486,14.818938
0.355841,-15.154233
121.486055,0.701480
-120.486863,2.280517
0.053606,-9.630383
-26.580184,5.041964
27.717142,23.575277
-54.514071,94.495136
8.801162,25.631447
-9.150582,32.724580
56.512187,-27.587159
-75.496180,-36.551329
5.688446,-21.726204
-18.565352,-6.651175
40.535877,-86.494781
-38.552060,-69.508800
18.730039,-5.288517
-5.780354,4.161502
78.500970,-7.802171
-90.494512,-68.506170
2.636020,13.888735
-21.611063,21.627487
33.619389,-3.517505
-46.611173,0.860784
12.756776,35.658054
-8.848379,7.192135
65.508573,52.528906
-64.002006,-1.453948
5.046446,53.516727
-13.160453,45.521160
47.530059,82.497996
-33.669288,0.507421
22.890540,-4.448788
-0.064383,-89.504251
93.494390,-14.650459
-102.489659,48.526085
0.239039,-66.508984
-23.650828,-36.541411
32.472736,1.345649
-50.529199,42.535043
10.810268,32.526703
-6.918976,56.507105
60.505273,16.624790
-68.506368,-61.516980
4.426182,-49.576646
-15.393576,6.411580
43.545444,47.515671
-35.648040,-6.881803
20.614129,-104.490614
-2.669256,-19.388966
85.497281,-57.515378
-82.498398,-62.511506
4.761893,-5.511377
-18.607377,-33.538788
36.556780,98.490577
-42.562843,-22.529856
14.608280,58.499583
-6.121147,16.348323
72.500208,-73.504240
-58.518654,-4.700633
6.883312,49.496193
-10.726478,115.485899
51.518388,89.493708
-29.575855,24.533886
25.593423,-88.494819
-1.097201,15.120138
104.490062,-40.539276
-108.613991,22.992525
0.641500,-35.818436
-25.825371,25.577539
29.592291,-51.528490
-51.526013,-46.516384
10.728628,-118.486282
-7.923127,30.611626
58.641643,7.009526
-71.506047,-44.523454
3.408208,-60.504437
-18.255424,2.263135
41.539542,107.488374
-37.534113,45.543268
18.676769,35.616355
-4.605841,-11.221422
81.499438,37.540471
-86.498646,-16.655160
4.227423,2.377082
-20.671062,60.538113
34.549939,84.500435
-44.560724,23.641080
13.676348,112.487164
-5.972529,18.176979
68.506500,82.498087
-60.979430,-1.743874
6.041554,45.589149
-11.699298,87.491526
49.502320,14.835685
-30.584348,-54.517564
23.842934,9.490066
-0.342171,34.058793
98.489514,-39.546815
-95.492250,-54.518054
0.995750,26.842415
-22.694390,9.175879
31.569859,72.508643
-48.519878,69.506341
11.713842,49.527244
-6.464025,32.674994
65.115977,-35.375693
-66.566258,35.797353
4.923833,-105.487452
-14.073487,21.886988
45.548997,13.869107
-34.554197,80.505020
21.623601,-91.493571
-2.566373,-10.394217
89.494918,-66.507473
-79.499672,58.514077
4.913437,-15.882582
-17.721043,-39.603024
38.552261,-56.520691
-40.540051,-24.641755
17.151800,-34.819041
-6.970220,1.199418
74.504823,41.528314
-55.511702,-86.496477
8.498754,30.764473
-9.935378,65.522392
54.518188,-78.498128
-27.559773,-70.506819
26.792162,-14.377812
-0.335067,4.302194
110.487738,-21.609816
-112.488559,-0.745242
0.200549,21.241471
-25.662442,-50.533447
30.439683,0.273965
-53.535055,54.514806
12.931667,-6.039667
-11.541926,-4.252405
57.509741,-11.812490
-73.496133,24.597393
6.673090,13.235177
-16.640265,119.485884
40.538928,96.491662
-38.551252,35.556046
18.635018,-75.496169
-2.893373,66.519805
80.495439,-19.623011
-88.495963,-52.517678
1.825831,-36.601231
-21.497212,-15.450648
34.539484,-29.576003
-44.533649,-72.505352
17.517851,-0.978949
-6.134615,-20.166611
67.511627,-12.722739
-61.515229,-56.516535
9.608293,-8.809092
-14.032377,-7.728862
48.584118,25.586944
-31.519588,-40.568348
23.604093,-74.505921
-1.920950,-7.653266
95.493030,38.540110
-98.491919,5.402203
2.338636,-3.282635
-23.535584,29.616663
31.601111,-47.519858
-48.540014,-33.539404
15.444141,-3.228779
-8.856555,-13.358491
62.511804,-96.491812
-67.545110,-2.441045
8.642940,3.405356
-13.915282,-28.526339
44.505173,22.626759
-34.566305,-78.506001
21.256993,-3.889214
-1.086186,38.610828
87.496787,-38.540189
-80.497404,-26.599818
1.565734,43.551403
-19.954899,2.192694
37.495359,12.706952
-41.566233,-2.706235
17.224674,13.910444
-2.845758,-52.526048
73.505596,31.561688
-57.536451,3.202013
10.504184,-9.544412
-13.200064,4.892182
52.536195,41.534536
-28.550278,-23.576077
25.787215,16.580489
-0.042592,-36.518792
106.488932,10.714109
-104.490606,-35.547483
1.550270,0.544870
-24.953397,7.239099
29.566285,66.496292
-51.515505,56.529093
12.966066,-9.686844
-9.366274,-15.751976
59.558945,0.004721
-70.501645,-30.654112
6.946781,10.236702
-14.671324,-105.488239
42.555655,33.544468
-36.709728,16.832248
22.351812,-1.984136
-4.050540,14.970261
83.500042,-28.579205
-84.497200,52.519528
0.896820,-106.490095
-21.339286,-7.195868
36.516761,-68.527808
-43.522706,27.618651
15.510213,-9.911645
-6.987066,-14.770730
70.516867,-5.867284
-59.523525,-28.603866
11.149574,-7.363877
-13.914833,-4.147714
50.521536,60.515330
-30.568074,99.490699
25.040861,-12.291601
-1.159722,-14.406124
101.490380,-45.528026
-93.493529,-72.503901
1.047886,-25.170187
-21.582946,-46.505402
32.599825,18.734759
-47.538965,56.510859
13.669278,-18.513354
-5.798064,-28.581970
64.507414,-0.026132
-64.509439,-16.582010
9.264984,-6.394782
-14.968535,-7.830142
46.567482,25.558443
-33.519897,12.288749
21.682793,42.553532
-2.020638,16.929386
90.495056,73.503948
-76.501106,-56.515339
3.068112,16.991272
-18.333542,31.605988
39.655576,-7.915527
-39.521619,-16.548195
16.754941,33.527944
-1.574996,-106.488866
76.498244,-13.728134
-55.505819,38.549581
9.634310,-17.425883
-11.140484,-15.345907
54.519898,91.493982
-27.564059,88.495348
27.602252,-79.499339
-0.016981,-98.512960
114.486760,33.553672
-115.487341,-13.658636
0.518526,3.439733
-26.580955,113.486997
28.592029,-31.629166
-53.542597,-17.697713
9.926380,-63.501463
-8.309187,-34.452400
56.513858,38.575860
-74.509455,-8.717743
6.741106,-2.825679
-16.954062,21.051427
40.564839,-11.831524
-38.540685,-6.250927
17.741528,19.758481
-2.827215,20.809394
79.500988,-56.519041
-89.494626,-46.527411
0.249210,63.524772
-20.609173,-84.495785
33.542165,45.554740
-45.509279,-34.551140
14.536210,-35.650592
-6.332989,65.528404
66.509572,0.025243
-62.506294,-19.633306
5.976354,-64.510845
-11.703579,-49.489537
48.776175,-25.395432
-32.671093,46.552924
23.150893,19.623780
-0.455395,-35.524057
93.492236,35.543388
-100.492118,8.743787
0.0,0.0