-63.999996,0.001703,6.000461
-63.859337,0.003758,6.000859
-63.718681,0.004450,6.000366
-63.578022,0.008790,5.999750
-63.437363,0.016748,6.000084
-63.296700,0.026016,5.999859
-63.156040,0.039108,5.998679
-63.015385,0.054883,5.997985
-62.874725,0.077352,5.996243
-62.734066,0.102351,5.994697
-62.593403,0.130720,5.992955
-62.452744,0.165749,5.991121
-62.312088,0.203479,5.987597
-62.171429,0.247609,5.985145
-62.030769,0.295811,5.981153
-61.890106,0.348391,5.976954
-61.749447,0.406879,5.972521
-61.608791,0.470327,5.965124
-61.468132,0.539038,5.958519
-61.327469,0.611252,5.951037
-61.186810,0.688267,5.941172
-61.046154,0.769968,5.930504
-60.905495,0.855631,5.918052
-60.764835,0.944994,5.903672
-60.624172,1.037829,5.887632
-60.483513,1.136109,5.868158
-60.342857,1.237785,5.847283
-60.202198,1.342496,5.823702
-60.061539,1.451172,5.796708
-59.920876,1.563484,5.766527
-59.780216,1.678595,5.733344
-59.639561,1.796280,5.696432
-59.498901,1.917111,5.655480
-59.358242,2.040687,5.611835
-59.217579,2.166632,5.561726
-59.076920,2.295479,5.508771
-58.936264,2.426598,5.451088
-58.795605,2.558456,5.388228
-58.654942,2.693014,5.320885
-58.514282,2.828202,5.249211
-58.373627,2.964448,5.173550
-58.232967,3.101019,5.092675
-58.092308,3.236727,5.008315
-57.951645,3.372027,4.917726
-57.810986,3.506219,4.824209
-57.670330,3.638911,4.725821
-57.529671,3.768243,4.621633
-57.389011,3.895665,4.512540
-57.248348,4.020170,4.399632
-57.107689,4.141943,4.284514
-56.967033,4.260782,4.164429
-56.826374,4.377744,4.043119
-56.685711,4.490970,3.916470
-56.545052,4.599368,3.787407
-56.404392,4.704714,3.654417
-56.263737,4.807310,3.520303
-56.123077,4.905160,3.379962
-55.982414,4.998364,3.239657
-55.841755,5.087395,3.094645
-55.701099,5.172038,2.946539
-55.560440,5.252856,2.796979
-55.419781,5.329942,2.644456
-55.279118,5.401819,2.488580
-55.138458,5.470241,2.330722
-54.997803,5.534782,2.171736
-54.857143,5.595434,2.011793
-54.716484,5.650453,1.851140
-54.575821,5.701048,1.689506
-54.435162,5.747039,1.526768
-54.294506,5.787898,1.361865
-54.153847,5.823614,1.196533
-54.013184,5.857324,1.029519
-53.872524,5.884734,0.863624
-53.731869,5.906410,0.693112
-53.591209,5.923369,0.524403
-53.450550,5.937536,0.353967
-53.309887,5.945604,0.181926
-53.169228,5.950061,0.012890
-53.028572,5.948121,-0.157575
-52.887913,5.941695,-0.327481
-52.747253,5.931609,-0.497459
-52.606590,5.916869,-0.666108
-52.465931,5.896401,-0.833603
-52.325275,5.872252,-1.001635
-52.184616,5.842337,-1.168382
-52.043957,5.806612,-1.334291
-51.903294,5.768475,-1.502422
-51.762634,5.725590,-1.666489
-51.621979,5.677485,-1.830165
-51.481319,5.623765,-1.992901
-51.340656,5.566435,-2.156801
-51.199997,5.503101,-2.318073
-51.059341,5.437524,-2.476417
-50.918682,5.366777,-2.634389
-50.778023,5.291889,-2.788132
-50.637360,5.213515,-2.939128
-50.496700,5.130540,-3.088706
-50.356045,5.042915,-3.236461
-50.215385,4.952155,-3.381311
-50.074726,4.857044,-3.521815
-49.934063,4.757345,-3.661506
-49.793404,4.653997,-3.796529
-49.652748,4.548387,-3.927387
-49.512089,4.437869,-4.054716
-49.371426,4.323952,-4.179950
-49.230766,4.205011,-4.301068
-49.090107,4.082227,-4.418649
-48.949451,3.953597,-4.534141
-48.808792,3.824040,-4.644964
-48.668129,3.692692,-4.751935
-48.527470,3.559157,-4.855165
-48.386814,3.420774,-4.955863
-48.246155,3.280509,-5.051491
-48.105495,3.137085,-5.142214
-47.964832,2.990227,-5.228102
-47.824177,2.841097,-5.311333
-47.683514,2.690190,-5.388406
-47.542858,2.537888,-5.460123
-47.402199,2.384258,-5.530348
-47.261536,2.228252,-5.595434
-47.120880,2.071401,-5.656295
-46.980217,1.912780,-5.712269
-46.839561,1.753555,-5.763063
-46.698898,1.593063,-5.809537
-46.558239,1.430478,-5.850935
-46.417583,1.267017,-5.887268
-46.276920,1.102592,-5.918806
-46.136265,0.936133,-5.945986
-45.995602,0.768927,-5.967483
-45.854946,0.600049,-5.985576
-45.714283,0.429383,-5.998331
-45.573624,0.258809,-6.005862
-45.432968,0.088260,-6.008581
-45.292305,-0.083804,-6.007924
-45.151649,-0.255920,-6.001360
-45.010986,-0.426635,-5.990045
-44.870331,-0.595963,-5.975146
-44.729668,-0.764001,-5.954214
-44.589008,-0.929141,-5.928308
-44.448353,-1.093618,-5.898073
-44.307690,-1.258272,-5.862563
-44.167034,-1.420952,-5.822334
-44.026371,-1.583105,-5.776933
-43.885715,-1.745959,-5.726367
-43.745056,-1.907482,-5.671611
-43.604393,-2.068304,-5.613865
-43.463737,-2.229315,-5.551272
-43.323074,-2.387199,-5.483179
-43.182419,-2.543209,-5.410930
-43.041756,-2.697806,-5.335368
-42.901096,-2.849254,-5.256169
-42.760441,-2.998819,-5.174018
-42.619778,-3.144951,-5.082956
-42.479122,-3.288191,-4.991772
-42.338459,-3.429174,-4.895256
-42.197803,-3.566720,-4.794348
-42.057140,-3.699959,-4.689747
-41.916481,-3.830475,-4.582887
-41.775826,-3.956776,-4.472398
-41.635162,-4.079412,-4.354938
-41.494507,-4.200841,-4.236057
-41.353844,-4.318330,-4.112221
-41.213188,-4.432509,-3.987723
-41.072525,-4.542712,-3.859756
-40.931866,-4.650670,-3.727939
-40.791210,-4.754236,-3.590914
-40.650547,-4.853292,-3.451905
-40.509892,-4.949687,-3.310173
-40.369228,-5.042237,-3.164670
-40.228569,-5.129737,-3.018192
-40.087914,-5.213981,-2.867498
-39.947250,-5.294584,-2.716204
-39.806595,-5.369860,-2.561416
-39.665932,-5.442077,-2.405343
-39.525276,-5.509225,-2.245503
-39.384613,-5.572140,-2.085240
-39.243954,-5.630313,-1.924640
-39.103298,-5.683911,-1.760815
-38.962635,-5.732291,-1.596096
-38.821980,-5.775838,-1.430468
-38.681316,-5.814621,-1.264242
-38.540661,-5.848847,-1.098058
-38.399998,-5.877852,-0.931373
-38.259338,-5.901886,-0.760247
-38.118683,-5.921951,-0.591545
-37.978020,-5.936868,-0.421791
-37.837364,-5.947086,-0.250720
-37.696701,-5.952926,-0.080604
-37.556042,-5.954055,0.089930
-37.415382,-5.949612,0.261187
-37.274723,-5.941334,0.431880
-37.134068,-5.927152,0.602153
-36.993404,-5.908861,0.771623
-36.852749,-5.885654,0.938487
-36.712086,-5.857493,1.104371
-36.571426,-5.824647,1.269386
-36.430771,-5.787335,1.432966
-36.290108,-5.744554,1.597826
-36.149452,-5.698183,1.764032
-36.008789,-5.647076,1.926101
-35.868134,-5.591144,2.090123
-35.727470,-5.530916,2.251514
-35.586811,-5.465874,2.411195
-35.446156,-5.396214,2.569758
-35.305492,-5.322812,2.720021
-35.164837,-5.244443,2.873628
-35.024174,-5.162212,3.024693
-34.883514,-5.076344,3.174819
-34.742855,-4.985861,3.319645
-34.602196,-4.891859,3.462225
-34.461540,-4.794054,3.601571
-34.320877,-4.692242,3.736055
-34.180222,-4.586803,3.868317
-34.039558,-4.478097,3.997114
-33.898899,-4.366751,4.122128
-33.758240,-4.252404,4.246956
-33.617580,-4.133370,4.368612
-33.476925,-4.011544,4.486064
-33.336262,-3.887267,4.598927
-33.195606,-3.759484,4.708576
-33.054943,-3.629027,4.814388
-32.914284,-3.491868,4.914707
-32.773624,-3.352770,5.012713
-32.632965,-3.211707,5.104036
-32.492310,-3.066810,5.191604
-32.351646,-2.919698,5.275774
-32.210987,-2.769731,5.354378
-32.070328,-2.617006,5.431798
-31.929668,-2.460819,5.504659
-31.789011,-2.304408,5.572302
-31.648350,-2.145801,5.635556
-31.507692,-1.985843,5.692856
-31.367033,-1.825316,5.744907
-31.226372,-1.663294,5.792086
-31.085714,-1.501009,5.835134
-30.945053,-1.338769,5.872842
-30.804396,-1.176631,5.906493
-30.663734,-1.012320,5.935744
-30.523077,-0.845349,5.958889
-30.382418,-0.677815,5.978035
-30.241756,-0.508978,5.993550
-30.101099,-0.339165,6.003913
-29.960438,-0.169290,6.008533
-29.819780,0.001037,6.008790
-29.679121,0.171238,6.004336
-29.538460,0.341153,5.995330
-29.397802,0.510936,5.981933
-29.257141,0.680001,5.961616
-29.116484,0.848524,5.937335
-28.975822,1.015051,5.909052
-28.835165,1.181000,5.875621
-28.694506,1.345254,5.836772
-28.553844,1.507758,5.793782
-28.413187,1.669168,5.746016
-28.272526,1.828761,5.692871
-28.131868,1.987246,5.635360
-27.991207,2.144886,5.574028
-27.850550,2.300873,5.509103
-27.709890,2.456038,5.438296
-27.569229,2.609620,5.363182
-27.428572,2.761472,5.282890
-27.287910,2.910942,5.200174
-27.147253,3.058388,5.112585
-27.006592,3.202939,5.022415
-26.865934,3.344925,4.925611
-26.725275,3.484415,4.826928
-26.584614,3.620465,4.722826
-26.443956,3.754144,4.615422
-26.303295,3.883143,4.502571
-26.162638,4.009777,4.386703
-26.021978,4.133774,4.268166
-25.881317,4.253474,4.146883
-25.740660,4.370424,4.021225
-25.599998,4.482466,3.892643
-25.459341,4.591218,3.761739
-25.318680,4.696301,3.627505
-25.178022,4.797150,3.489313
-25.037363,4.894608,3.349031
-24.896702,4.987655,3.205369
-24.756044,5.076545,3.059119
-24.615383,5.162660,2.909585
-24.474726,5.243788,2.758124
-24.334064,5.320936,2.604988
-24.193407,5.394124,2.448544
-24.052748,5.462511,2.289856
-23.912088,5.526234,2.129636
-23.771429,5.586523,1.968719
-23.630768,5.642023,1.806893
-23.490108,5.692008,1.644792
-23.349449,5.738699,1.480720
-23.208792,5.778591,1.315502
-23.068132,5.816072,1.149603
-22.927473,5.847458,0.983058
-22.786812,5.873930,0.816746
-22.646152,5.897234,0.644652
-22.505493,5.915072,0.475292
-22.364834,5.929718,0.304557
-22.224176,5.938013,0.133532
-22.083517,5.942384,-0.038031
-21.942858,5.940286,-0.206525
-21.802197,5.935266,-0.373571
-21.661537,5.924643,-0.542170
-21.520878,5.907701,-0.714213
-21.380220,5.887506,-0.880188
-21.239561,5.862823,-1.048217
-21.098902,5.832933,-1.215659
-20.958241,5.797483,-1.382132
-20.817581,5.758572,-1.548713
-20.676922,5.714961,-1.714020
-20.536263,5.664390,-1.876943
-20.395605,5.613197,-2.039396
-20.254946,5.554322,-2.200473
-20.114285,5.490648,-2.360873
-19.973625,5.424403,-2.518638
-19.832966,5.353400,-2.676036
-19.692307,5.278494,-2.829633
-19.551649,5.199049,-2.980501
-19.410990,5.115728,-3.128609
-19.270330,5.027866,-3.275753
-19.129669,4.937428,-3.419080
-18.989010,4.841576,-3.558467
-18.848351,4.741550,-3.697413
-18.707691,4.638968,-3.831329
-18.567034,4.532208,-3.962636
-18.426374,4.421896,-4.090786
-18.285713,4.306358,-4.214556
-18.145054,4.186752,-4.335600
-18.004395,4.065099,-4.452674
-17.863735,3.936437,-4.567369
-17.723078,3.806397,-4.677814
-17.582418,3.674671,-4.784427
-17.441757,3.540205,-4.887156
-17.301098,3.402377,-4.983049
-17.160439,3.261607,-5.080124
-17.019779,3.117351,-5.169759
-16.879120,2.970504,-5.255091
-16.738462,2.821098,-5.337960
-16.597803,2.670452,-5.415938
-16.457142,2.518175,-5.488788
-16.316483,2.364890,-5.557079
-16.175823,2.209418,-5.621381
-16.035164,2.052033,-5.681150
-15.894506,1.893852,-5.735361
-15.753846,1.733905,-5.786889
-15.613186,1.574116,-5.832624
-15.472527,1.411575,-5.874236
-15.331867,1.248513,-5.910812
-15.191209,1.083205,-5.940845
-15.050550,0.917431,-5.966097
-14.909890,0.749926,-5.988244
-14.769230,0.580980,-6.005364
-14.628571,0.411563,-6.017574
-14.487911,0.241839,-6.024879
-14.347253,0.069063,-6.025938
-14.206594,-0.100222,-6.023967
-14.065934,-0.272382,-6.016973
-13.925275,-0.443670,-6.006007
-13.784615,-0.613159,-5.988558
-13.643955,-0.780762,-5.967220
-13.503296,-0.947035,-5.941773
-13.362638,-1.111500,-5.910607
-13.221978,-1.274231,-5.873745
-13.081319,-1.436705,-5.831950
-12.940659,-1.598615,-5.786445
-12.799999,-1.760454,-5.736500
-12.659340,-1.920929,-5.680916
-12.518682,-2.081105,-5.622515
-12.378022,-2.240341,-5.556020
-12.237363,-2.399024,-5.488660
-12.096704,-2.556355,-5.417109
-11.956044,-2.709551,-5.342485
-11.815384,-2.860676,-5.261730
-11.674725,-3.009792,-5.177594
-11.534066,-3.155582,-5.088687
-11.393406,-3.299686,-4.996355
-11.252747,-3.439836,-4.899088
-11.112088,-3.577059,-4.798168
-10.971429,-3.709947,-4.692105
-10.830769,-3.840411,-4.583259
-10.690110,-3.965913,-4.471772
-10.549451,-4.088778,-4.356417
-10.408791,-4.209620,-4.237978
-10.268131,-4.327130,-4.115136
-10.127473,-4.439789,-3.988951
-9.986813,-4.551301,-3.858698
-9.846153,-4.657553,-3.723831
-9.705495,-4.761032,-3.588620
-9.564835,-4.860658,-3.447630
-9.424175,-4.957114,-3.305690
-9.283517,-5.049246,-3.162561
-9.142857,-5.136554,-3.013490
-9.002197,-5.221077,-2.862190
-8.861539,-5.299984,-2.710599
-8.720879,-5.374887,-2.554601
-8.580219,-5.446098,-2.397919
-8.439560,-5.513091,-2.237492
-8.298902,-5.575494,-2.077522
-8.158241,-5.632992,-1.915756
-8.017582,-5.685740,-1.752125
-7.876923,-5.734313,-1.585957
-7.736263,-5.778178,-1.419538
-7.595604,-5.816662,-1.252671
-7.454945,-5.850465,-1.086847
-7.314285,-5.879529,-0.918917
-7.173626,-5.904043,-0.751038
-7.032967,-5.923513,-0.581546
-6.892307,-5.938315,-0.410883
-6.751648,-5.948706,-0.241697
-6.610989,-5.953314,-0.070811
-6.470329,-5.954602,0.098521
-6.329670,-5.950684,0.271364
-6.189011,-5.941781,0.441370
-6.048352,-5.927524,0.610876
-5.907692,-5.909441,0.778883
-5.767033,-5.885725,0.946347
-5.626373,-5.857371,1.110379
-5.485714,-5.824987,1.276226
-5.345055,-5.787232,1.439599
-5.204395,-5.745599,1.606386
-5.063736,-5.698223,1.769877
-4.923077,-5.646980,1.933427
-4.782417,-5.590515,2.096387
-4.641758,-5.530493,2.258778
-4.501099,-5.465344,2.414264
-4.360439,-5.395784,2.569993
-4.219780,-5.322654,2.726199
-4.079121,-5.245143,2.879740
-3.938462,-5.162534,3.031144
-3.797802,-5.076086,3.180432
-3.657143,-4.985572,3.326759
-3.516484,-4.891198,3.466213
-3.375824,-4.793402,3.606387
-3.235165,-4.691030,3.742243
-3.094506,-4.586077,3.875349
-2.953846,-4.477507,4.004317
-2.813187,-4.365246,4.127555
-2.672528,-4.250335,4.251631
-2.531868,-4.131751,4.372997
-2.391209,-4.009712,4.491151
-2.250549,-3.885715,4.604422
-2.109890,-3.757680,4.713049
-1.969231,-3.625031,4.818289
-1.828571,-3.490507,4.919915
-1.687912,-3.350769,5.014917
-1.547253,-3.207270,5.109664
-1.406593,-3.062748,5.195016
-1.265934,-2.915234,5.278307
-1.125275,-2.764618,5.359086
-0.984615,-2.611257,5.434624
-0.843956,-2.455487,5.504129
-0.703297,-2.298287,5.570280
-0.562637,-2.139575,5.633714
-0.421978,-1.979898,5.691607
-0.281319,-1.819776,5.744347
-0.140659,-1.657707,5.791849
-0.000000,-1.495542,5.834413
0.140659,-1.333311,5.872787
0.281319,-1.170385,5.904971
0.421978,-1.006124,5.933379
0.562637,-0.839204,5.957351
0.703297,-0.671972,5.976550
0.843956,-0.503626,5.990311
0.984615,-0.333245,5.999906
1.125275,-0.163236,6.003238
1.265934,0.007135,6.003626
1.406593,0.177016,5.998774
1.547253,0.347800,5.987914
1.687912,0.517469,5.973244
1.828571,0.686639,5.953732
1.969231,0.854504,5.929123
2.109890,1.020932,5.899114
2.250549,1.186160,5.865814
2.391209,1.349797,5.826375
2.531868,1.512459,5.781858
2.672528,1.673674,5.733532
2.813187,1.833826,5.679694
2.953846,1.992597,5.622003
3.094506,2.150373,5.559208
3.235165,2.307005,5.493379
3.375824,2.462162,5.422241
3.516484,2.615559,5.347326
3.657143,2.766965,5.268083
3.797802,2.917495,5.184834
3.938462,3.064826,5.096768
4.079121,3.209553,5.004852
4.219780,3.350860,4.907878
4.360439,3.490574,4.809236
4.501099,3.626561,4.703961
4.641758,3.760094,4.597733
4.782417,3.889146,4.486707
4.923077,4.014790,4.370511
5.063736,4.137720,4.250422
5.204395,4.256789,4.127386
5.345055,4.372912,4.000971
5.485714,4.485675,3.872077
5.626373,4.594381,3.740723
5.767033,4.699023,3.605578
5.907692,4.799937,3.469439
6.048352,4.897170,3.326666
6.189011,4.989935,3.183753
6.329670,5.078829,3.038606
6.470329,5.164031,2.888442
6.610989,5.244922,2.736148
6.751648,5.322538,2.582696
6.892307,5.394355,2.427781
7.032967,5.462518,2.268269
7.173626,5.526090,2.109185
7.314285,5.585671,1.948639
7.454945,5.641877,1.788811
7.595604,5.691735,1.625832
7.736263,5.736391,1.460079
7.876923,5.778528,1.295924
8.017582,5.814964,1.131522
8.158241,5.844841,0.965503
8.298902,5.872173,0.797732
8.439560,5.894940,0.626846
8.580219,5.911510,0.457814
8.720879,5.924529,0.287123
8.861539,5.931845,0.117252
9.002197,5.935459,-0.051399
9.142857,5.934011,-0.224552
9.283517,5.926947,-0.391849
9.424175,5.914593,-0.558406
9.564835,5.898741,-0.727435
9.705495,5.876434,-0.895410
9.846153,5.849932,-1.062897
9.986813,5.819735,-1.231603
10.127473,5.783414,-1.398643
10.268131,5.743463,-1.566267
10.408791,5.698844,-1.730339
10.549451,5.649676,-1.893368
10.690110,5.593206,-2.054320
10.830769,5.535145,-2.217446
10.971429,5.471172,-2.375278
11.112088,5.404386,-2.532630
11.252747,5.333632,-2.690598
11.393406,5.258724,-2.844362
11.534066,5.178607,-2.995373
11.674725,5.094741,-3.144257
11.815384,5.006922,-3.291018
11.956044,4.914978,-3.433113
12.096704,4.817728,-3.572110
12.237363,4.719147,-3.710055
12.378022,4.617175,-3.844408
12.518682,4.509125,-3.974022
12.659340,4.398578,-4.101860
12.799999,4.284515,-4.224761
12.940659,4.165748,-4.345623
13.081319,4.041883,-4.463230
13.221978,3.914385,-4.577452
13.362638,3.786952,-4.687733
13.503296,3.655037,-4.792653
13.643955,3.519922,-4.893946
13.784615,3.381669,-4.991160
13.925275,3.241984,-5.084911
14.065934,3.098457,-5.172580
14.206594,2.952113,-5.257744
14.347253,2.802136,-5.339311
14.487911,2.651407,-5.415108
14.628571,2.499807,-5.490901
14.769230,2.346051,-5.560283
14.909890,2.190155,-5.624747
15.050550,2.033746,-5.683799
15.191209,1.874967,-5.738609
15.331867,1.715773,-5.789186
15.472527,1.555809,-5.833445
15.613186,1.394086,-5.874567
15.753846,1.231253,-5.909520
15.894506,1.067343,-5.940497
16.035164,0.900933,-5.966834
16.175823,0.733734,-5.988594
16.316483,0.563613,-6.004889
16.457142,0.394471,-6.017457
16.597803,0.224016,-6.023915
16.738462,0.054379,-6.025292
16.879120,-0.117997,-6.023479
17.019779,-0.289378,-6.017259
17.160439,-0.459608,-6.004301
17.301098,-0.628372,-5.987322
17.441757,-0.796851,-5.964922
17.582418,-0.962362,-5.938385
17.723078,-1.126789,-5.907551
17.863735,-1.289597,-5.870934
18.004395,-1.452371,-5.830705
18.145054,-1.614229,-5.784823
18.285713,-1.775620,-5.732392
18.426374,-1.935075,-5.677771
18.567034,-2.094224,-5.619761
18.707691,-2.253424,-5.555925
18.848351,-2.411292,-5.487170
18.989010,-2.567881,-5.414095
19.129669,-2.722061,-5.337470
19.270330,-2.873458,-5.257576
19.410990,-3.021372,-5.173729
19.551649,-3.166734,-5.084329
19.692307,-3.309860,-4.990763
19.832966,-3.450041,-4.892116
19.973625,-3.586630,-4.791976
20.114285,-3.719820,-4.685207
20.254946,-3.849245,-4.577802
20.395605,-3.974946,-4.466374
20.536263,-4.098191,-4.350242
20.676922,-4.218177,-4.230175
20.817581,-4.336073,-4.107470
20.958241,-4.450832,-3.980840
21.098902,-4.560783,-3.849213
21.239561,-4.666655,-3.717708
21.380220,-4.770087,-3.578801
21.520878,-4.869764,-3.438599
21.661537,-4.965166,-3.298292
21.802197,-5.057278,-3.153074
21.942858,-5.144711,-3.003183
22.083517,-5.228608,-2.852062
22.224176,-5.308573,-2.699123
22.364834,-5.383909,-2.543269
22.505493,-5.454340,-2.386857
22.646152,-5.520997,-2.227212
22.786812,-5.582731,-2.065692
22.927473,-5.641071,-1.902707
23.068132,-5.693749,-1.741198
23.208792,-5.740569,-1.576300
23.349449,-5.784567,-1.407416
23.490108,-5.822723,-1.239558
23.630768,-5.856321,-1.072420
23.771429,-5.885886,-0.904420
23.912088,-5.909839,-0.735829
24.052748,-5.928983,-0.566674
24.193407,-5.943688,-0.395832
24.334064,-5.953770,-0.224103
24.474726,-5.958987,-0.052997
24.615383,-5.959182,0.114325
24.756044,-5.955406,0.284900
24.896702,-5.946376,0.456655
25.037363,-5.932593,0.624370
25.178022,-5.913968,0.790888
25.318680,-5.890255,0.957072
25.459341,-5.862230,1.123787
25.599998,-5.829393,1.289819
25.740660,-5.792026,1.454480
25.881317,-5.749464,1.621738
26.021978,-5.702326,1.786760
26.162638,-5.650860,1.948206
26.303295,-5.594861,2.108999
26.443956,-5.534423,2.267591
26.584614,-5.469264,2.425831
26.725275,-5.399280,2.582915
26.865934,-5.326272,2.737238
27.006592,-5.247697,2.889612
27.147253,-5.165221,3.038456
27.287910,-5.078847,3.188014
27.428572,-4.988214,3.332701
27.569229,-4.893600,3.473786
27.709890,-4.795289,3.614192
27.850550,-4.693993,3.750634
27.991207,-4.587913,3.883624
28.131868,-4.477902,4.011716
28.272526,-4.366062,4.139223
28.413187,-4.250438,4.264428
28.553844,-4.131168,4.384261
28.694506,-4.008536,4.499918
28.835165,-3.885348,4.613002
28.975822,-3.755981,4.722299
29.116484,-3.623492,4.827374
29.257141,-3.488133,4.929181
29.397802,-3.347041,5.026946
29.538460,-3.205471,5.117629
29.679121,-3.060401,5.203425
29.819780,-2.912783,5.286443
29.960438,-2.761530,5.367045
30.101099,-2.607396,5.441111
30.241756,-2.452100,5.511655
30.382418,-2.294900,5.577709
30.523077,-2.135949,5.639373
30.663734,-1.976132,5.697114
30.804396,-1.815871,5.748387
30.945053,-1.653622,5.794954
31.085714,-1.491455,5.836640
31.226372,-1.329393,5.874623
31.367033,-1.166730,5.908078
31.507692,-1.001189,5.934699
31.648350,-0.834934,5.956494
31.789011,-0.666436,5.975829
31.929668,-0.497984,5.988705
32.070328,-0.327897,5.998275
32.210987,-0.157627,6.002928
32.351646,0.013310,6.000939
32.492310,0.183498,5.995886
32.632965,0.354062,5.986288
32.773624,0.524400,5.970302
32.914284,0.693004,5.951031
33.054943,0.860437,5.926706
33.195606,1.026523,5.896086
33.336262,1.191321,5.861765
33.476925,1.354208,5.823205
33.617580,1.516820,5.778685
33.758240,1.679189,5.728584
33.898899,1.838543,5.674920
34.039558,1.997680,5.617459
34.180222,2.156865,5.554543
34.320877,2.313464,5.489919
34.461540,2.467775,5.419036
34.602196,2.621250,5.343497
34.742855,2.773680,5.264068
34.883514,2.923844,5.178892
35.024174,3.070969,5.092024
35.164837,3.215929,4.999483
35.305492,3.357245,4.904552
35.446156,3.495746,4.805119
35.586811,3.633891,4.698514
35.727470,3.766924,4.588446
35.868134,3.894912,4.477225
36.008789,4.020176,4.359806
36.149452,4.142512,4.239306
36.290108,4.261267,4.116703
36.430771,4.377506,3.988731
36.571426,4.489495,3.857976
36.712086,4.597964,3.724446
36.852749,4.702731,3.588972
36.993404,4.803379,3.449410
37.134068,4.899701,3.310071
37.274723,4.992275,3.164090
37.415382,5.080976,3.017751
37.556042,5.165098,2.868013
37.696701,5.245591,2.716086
37.837364,5.322344,2.562357
37.978020,5.394025,2.406166
38.118683,5.462239,2.247998
38.259338,5.526298,2.088716
38.399998,5.585261,1.927822
38.540661,5.639705,1.766789
38.681316,5.689362,1.602510
38.821980,5.735995,1.436630
38.962635,5.776290,1.274138
39.103298,5.812746,1.107261
39.243954,5.842924,0.940191
39.384613,5.870239,0.774097
39.525276,5.892878,0.603933
39.665932,5.908370,0.432788
39.806595,5.921041,0.264686
39.947250,5.930094,0.094456
40.087914,5.932463,-0.073187
40.228569,5.929463,-0.242496
40.369228,5.923533,-0.411149
40.509892,5.912977,-0.582510
40.650547,5.893839,-0.752026
40.791210,5.872452,-0.919285
40.931866,5.846118,-1.086268
41.072525,5.814273,-1.256122
41.213188,5.778099,-1.423997
41.353844,5.738217,-1.591217
41.494507,5.690001,-1.755314
41.635162,5.639047,-1.919619
41.775826,5.587008,-2.083863
41.916481,5.527560,-2.245281
42.057140,5.464216,-2.405013
42.197803,5.398446,-2.563248
42.338459,5.326517,-2.717358
42.479122,5.251599,-2.872198
42.619778,5.172091,-3.022595
42.760441,5.087923,-3.172014
42.901096,4.999272,-3.317312
43.041756,4.907341,-3.460767
43.182419,4.810631,-3.598406
43.323074,4.710916,-3.736922
43.463737,4.607016,-3.869291
43.604393,4.498523,-3.998583
43.745056,4.387360,-4.125318
43.885715,4.272738,-4.246942
44.026371,4.155341,-4.369343
44.167034,4.031493,-4.486917
44.307690,3.904318,-4.600612
44.448353,3.774784,-4.710801
44.589008,3.642941,-4.816035
44.729668,3.508157,-4.916106
44.870331,3.369156,-5.012960
45.010986,3.229083,-5.106720
45.151649,3.085710,-5.194318
45.292305,2.938592,-5.277989
45.432968,2.788280,-5.358904
45.573624,2.637702,-5.435080
45.714283,2.484956,-5.506481
45.854946,2.330687,-5.575949
45.995602,2.175723,-5.643913
46.136265,2.018487,-5.703339
46.276920,1.859652,-5.758317
46.417583,1.700588,-5.807308
46.558239,1.540130,-5.851044
46.698898,1.378783,-5.890401
46.839561,1.216190,-5.926124
46.980217,1.052593,-5.958193
47.120880,0.887141,-5.982616
47.261536,0.719814,-6.002475
47.402199,0.550456,-6.018643
47.542858,0.381151,-6.029189
47.683514,0.210311,-6.036868
47.824177,0.037609,-6.037919
47.964832,-0.131421,-6.034805
48.105495,-0.302257,-6.026806
48.246155,-0.472850,-6.014650
48.386814,-0.641239,-5.997719
48.527470,-0.809369,-5.973629
48.668129,-0.975680,-5.947450
48.808792,-1.140702,-5.914928
48.949451,-1.303655,-5.878391
49.090107,-1.465803,-5.836597
49.230766,-1.628121,-5.789594
49.371426,-1.788568,-5.738560
49.512089,-1.948239,-5.683033
49.652748,-2.107575,-5.621269
49.793404,-2.265330,-5.555758
49.934063,-2.422964,-5.487010
50.074726,-2.579170,-5.415785
50.215385,-2.733230,-5.337656
50.356045,-2.883691,-5.255832
50.496700,-3.032574,-5.170816
50.637360,-3.177932,-5.081669
50.778023,-3.319700,-4.986006
50.918682,-3.459597,-4.888962
51.059341,-3.596070,-4.786478
51.199997,-3.728241,-4.679813
51.340656,-3.857511,-4.571287
51.481319,-3.983251,-4.457950
51.621979,-4.105982,-4.341227
51.762634,-4.226090,-4.221962
51.903294,-4.343040,-4.097816
52.043957,-4.457294,-3.972925
52.184616,-4.567800,-3.842233
52.325275,-4.674577,-3.708436
52.465931,-4.777297,-3.572616
52.606590,-4.876081,-3.433026
52.747253,-4.971394,-3.289171
52.887913,-5.063021,-3.145139
53.028572,-5.150281,-2.995410
53.169228,-5.233855,-2.845568
53.309887,-5.313985,-2.692535
53.450550,-5.389112,-2.537072
53.591209,-5.459929,-2.379398
53.731869,-5.526821,-2.219996
53.872524,-5.587815,-2.058203
54.013184,-5.645767,-1.897397
54.153847,-5.698797,-1.734081
54.294506,-5.745473,-1.565415
54.435162,-5.788579,-1.400148
54.575821,-5.827401,-1.231693
54.716484,-5.860405,-1.063197
54.857143,-5.889591,-0.895924
54.997803,-5.914128,-0.729379
55.138458,-5.932998,-0.557417
55.279118,-5.947396,-0.386275
55.419781,-5.957489,-0.216611
55.560440,-5.962841,-0.047084
55.701099,-5.962971,0.122491
55.841755,-5.958852,0.290290
55.982414,-5.948970,0.461974
56.123077,-5.934285,0.631330
56.263737,-5.915040,0.798082
56.404392,-5.891068,0.964543
56.545052,-5.862125,1.131806
56.685711,-5.828918,1.298530
56.826374,-5.791081,1.462229
56.967033,-5.748030,1.628834
57.107689,-5.699969,1.791794
57.248348,-5.648094,1.954976
57.389011,-5.591358,2.117005
57.529671,-5.530170,2.276225
57.670330,-5.464300,2.430732
57.810986,-5.394345,2.587579
57.951645,-5.319952,2.741647
58.092308,-5.241577,2.893962
58.232967,-5.158937,3.041624
58.373627,-5.072613,3.189819
58.514282,-4.981603,3.333475
58.654942,-4.886597,3.472715
58.795605,-4.788939,3.613724
58.936264,-4.686080,3.749800
59.076920,-4.579646,3.883785
59.217579,-4.469167,4.014936
59.358242,-4.356570,4.143152
59.498901,-4.241702,4.267447
59.639561,-4.123196,4.386084
59.780216,-4.000391,4.504147
59.920876,-3.875870,4.615245
60.061539,-3.745908,4.724392
60.202198,-3.614406,4.829809
60.342857,-3.478203,4.930582
60.483513,-3.337828,5.028184
60.624172,-3.195557,5.119085
60.764835,-3.050466,5.206010
60.905495,-2.902648,5.289317
61.046154,-2.752064,5.369165
61.186810,-2.598514,5.443959
61.327469,-2.443460,5.513767
61.468132,-2.285798,5.578722
61.608791,-2.127964,5.642112
61.749447,-1.968941,5.698985
61.890106,-1.807878,5.747613
62.030769,-1.646689,5.796978
62.171429,-1.484782,5.840425
62.312088,-1.322690,5.876285
62.452744,-1.158664,5.906962
62.593403,-0.993119,5.936148
62.734066,-0.826444,5.957954
62.874725,-0.657433,5.976523
63.015385,-0.488417,5.990141
63.156040,-0.318116,5.999465
63.296700,-0.148024,6.003557
63.437363,0.022112,6.002338
63.578022,0.193347,5.995121
63.718681,0.364166,5.985595
63.859337,0.534386,5.971861
63.999996,0.702946,5.949941
64.140656,0.869962,5.924998
64.281319,1.035394,5.894250
64.421974,1.200102,5.858912
64.562637,1.363860,5.820750
64.703293,1.526068,5.775797
64.843956,1.686967,5.726717
64.984619,1.847610,5.674141
65.125275,2.005775,5.613466
65.265930,2.163991,5.551491
65.406593,2.321435,5.485268
65.547249,2.476531,5.413252
65.687912,2.628900,5.336880
65.828568,2.780709,5.258301
65.969231,2.930122,5.174787
66.109886,3.077151,5.086310
66.250549,3.222266,4.995005
66.391212,3.364507,4.898643
66.531868,3.503613,4.796766
66.672523,3.639190,4.694623
66.813187,3.771255,4.584987
66.953850,3.900217,4.471409
67.094498,4.024674,4.355713
67.235161,4.146976,4.233839
67.375824,4.265592,4.111971
67.516479,4.380264,3.982653
67.657143,4.491774,3.852052
67.797798,4.600407,3.717560
67.938461,4.704838,3.581288
68.079117,4.805956,3.441450
68.219780,4.902291,3.300159
68.360443,4.994256,3.154956
68.501099,5.083044,3.008479
68.641754,5.167205,2.859182
68.782417,5.246753,2.708464
68.923080,5.322430,2.552817
69.063736,5.394135,2.398429
69.204391,5.461549,2.240000
69.345055,5.524461,2.080921
69.485710,5.583358,1.919086
69.626373,5.636306,1.757723
69.767029,5.685376,1.594581
69.907692,5.729653,1.429219
70.048347,5.774372,1.263986
70.189011,5.809970,1.098227
70.329674,5.834953,0.932038
70.470329,5.865034,0.764193
70.610985,5.887342,0.595348
70.751648,5.903610,0.425319
70.892311,5.916508,0.257190
71.032967,5.920569,0.086917
71.173622,5.925215,-0.083073
71.314285,5.921754,-0.251647
71.454941,5.915998,-0.423247
71.595604,5.903703,-0.589891
71.736267,5.884568,-0.761258
71.876923,5.859021,-0.930642
72.017578,5.835103,-1.097507
72.158241,5.802128,-1.265779
72.298904,5.768295,-1.431442
72.439560,5.723941,-1.599997
72.580215,5.679078,-1.765704
72.720879,5.631092,-1.931345
72.861542,5.577973,-2.096182
73.002197,5.518486,-2.255804
73.142853,5.454599,-2.415958
73.283516,5.388690,-2.573553
73.424171,5.317892,-2.727925
73.564835,5.241594,-2.882137
73.705498,5.161277,-3.033020
73.846153,5.076935,-3.181516
73.986809,4.988839,-3.327118
74.127472,4.895777,-3.468793
74.268135,4.799263,-3.610708
74.408791,4.699553,-3.746771
74.549446,4.594959,-3.880995
74.690109,4.487378,-4.010004
74.830765,4.375860,-4.134803
74.971428,4.260734,-4.258169
75.112083,4.142230,-4.379318
75.252747,4.018812,-4.496818
75.393402,3.892992,-4.608763
75.534065,3.763996,-4.719373
75.674728,3.632123,-4.823784
75.815384,3.496063,-4.924127
75.956039,3.357820,-5.020418
76.096703,3.217253,-5.111606
76.237366,3.071867,-5.200697
76.378021,2.924074,-5.286865
76.518677,2.774280,-5.365852
76.659340,2.623179,-5.442153
76.799995,2.470592,-5.514256
76.940659,2.316733,-5.580475
77.081322,2.160555,-5.645741
77.221977,2.003421,-5.709428
77.362633,1.845219,-5.764032
77.503296,1.684684,-5.812819
77.643959,1.523860,-5.855510
77.784615,1.361980,-5.893062
77.925270,1.199060,-5.926820
78.065933,1.035350,-5.958416
78.206596,0.869639,-5.983625
78.347252,0.702547,-6.004027
78.487907,0.534673,-6.020196
78.628571,0.364100,-6.031718
78.769226,0.193557,-6.036441
78.909889,0.021673,-6.037706
79.050552,-0.148758,-6.033987
79.191208,-0.319738,-6.026898
79.331863,-0.489477,-6.015050
79.472527,-0.657971,-5.998033
79.613190,-0.825153,-5.975071
79.753845,-0.991404,-5.947709
79.894501,-1.155502,-5.914908
80.035164,-1.318961,-5.878850
80.175827,-1.481457,-5.837858
80.316483,-1.643224,-5.792252
80.457138,-1.805095,-5.737263
80.597801,-1.964477,-5.681631
80.738457,-2.123924,-5.624535
80.879120,-2.280986,-5.557231
81.019783,-2.438274,-5.490059
81.160439,-2.593951,-5.414261
81.301094,-2.747718,-5.337015
81.441757,-2.898460,-5.257067
81.582420,-3.047269,-5.170506
81.723076,-3.192161,-5.079975
81.863731,-3.334108,-4.985139
82.004395,-3.473700,-4.886501
82.145050,-3.610499,-4.784732
82.285713,-3.742639,-4.679105
82.426376,-3.870991,-4.569444
82.567032,-3.996742,-4.456751
82.707687,-4.119498,-4.338759
82.848351,-4.239310,-4.219843
82.989014,-4.356553,-4.096306
83.129669,-4.470096,-3.969342
83.270325,-4.579706,-3.840458
83.410988,-4.685848,-3.706576
83.551651,-4.788342,-3.570383
83.692307,-4.887161,-3.431614
83.832962,-4.982208,-3.289882
83.973625,-5.072908,-3.142316
84.114281,-5.159870,-2.994290
84.254944,-5.242977,-2.844968
84.395607,-5.322230,-2.691994
84.536263,-5.396997,-2.534382
84.676918,-5.468284,-2.374495
84.817581,-5.535350,-2.215981
84.958244,-5.596137,-2.056643
85.098900,-5.652676,-1.893689
85.239555,-5.704723,-1.729023
85.380219,-5.752692,-1.563769
85.520882,-5.794829,-1.394133
85.661537,-5.832991,-1.224942
85.802193,-5.866144,-1.058143
85.942856,-5.894290,-0.890203
86.083511,-5.918437,-0.723299
86.224174,-5.937593,-0.553745
86.364838,-5.951394,-0.383356
86.505493,-5.960693,-0.215022
86.646149,-5.966292,-0.043697
86.786812,-5.965238,0.125366
86.927475,-5.961089,0.291709
87.068130,-5.951281,0.460215
87.208786,-5.937377,0.632025
87.349449,-5.918547,0.800382
87.490112,-5.894027,0.968248
87.630768,-5.864734,1.135415
87.771431,-5.831875,1.301876
87.912086,-5.792952,1.467254
88.052742,-5.750332,1.632854
88.193405,-5.702921,1.796392
88.334068,-5.651130,1.960147
88.474724,-5.593990,2.119469
88.615379,-5.532101,2.279614
88.756042,-5.466558,2.433927
88.896706,-5.396872,2.590900
89.037361,-5.322062,2.745375
89.178017,-5.243019,2.895241
89.318680,-5.160697,3.043210
89.459335,-5.073645,3.190604
89.599998,-4.982794,3.335562
89.740662,-4.887463,3.476347
89.881317,-4.787872,3.614343
90.021973,-4.686026,3.751275
90.162636,-4.579797,3.885332
90.303299,-4.469072,4.014556
90.443954,-4.356353,4.140913
90.584610,-4.239706,4.264384
90.725273,-4.119710,4.385020
90.865936,-3.998688,4.500217
91.006592,-3.870573,4.612239
91.147247,-3.741586,4.722929
91.287910,-3.609300,4.828107
91.428566,-3.471313,4.927116
91.569229,-3.332713,5.022822
91.709892,-3.189850,5.113493
91.850548,-3.045587,5.201336
91.991203,-2.897749,5.284039
92.131866,-2.747039,5.362990
92.272530,-2.593319,5.438451
92.413185,-2.437542,5.507748
92.553841,-2.281130,5.573472
92.694504,-2.123376,5.633967
92.835167,-1.964115,5.690367
92.975822,-1.802703,5.742240
93.116478,-1.641578,5.789234
93.257141,-1.479190,5.833050
93.397797,-1.315796,5.868990
93.538460,-1.151848,5.902135
93.679123,-0.987731,5.929191
93.819778,-0.820147,5.951802
93.960434,-0.651654,5.970786
94.101097,-0.481431,5.981638
94.241760,-0.311811,5.990688
94.382416,-0.141898,5.995814
94.523071,0.029099,5.994893
94.663734,0.201193,5.987457
94.804398,0.372486,5.978349
94.945053,0.543199,5.963727
95.085716,0.712053,5.943323
95.226372,0.878116,5.917926
95.367027,1.043882,5.887805
95.507690,1.209160,5.852749
95.648354,1.372486,5.813061
95.789009,1.534580,5.768620
95.929665,1.695446,5.718830
96.070328,1.855975,5.665344
96.210991,2.014485,5.609354
96.351646,2.173024,5.543982
96.492310,2.330597,5.477940
96.632973,2.485487,5.407929
96.773628,2.638186,5.329083
96.914276,2.789155,5.249926
97.054939,2.939283,5.166509
97.195602,3.085777,5.077317
97.336258,3.230119,4.985190
97.476921,3.372173,4.888582
97.617584,3.510894,4.787860
97.758240,3.646250,4.684462
97.898903,3.778208,4.578596
98.039566,3.906810,4.463666
98.180214,4.032162,4.347523
98.320869,4.153787,4.227521
98.461533,4.271646,4.103755
98.602196,4.386662,3.978067
98.742851,4.497301,3.845106
98.883514,4.606219,3.710662
99.024178,4.711271,3.574316
99.164833,4.811613,3.434059
99.305496,4.908701,3.291251
99.446159,5.001498,3.146869
99.586807,5.089087,3.000459
99.727470,5.173313,2.852592
99.868126,5.253733,2.699111
100.008789,5.328993,2.545652
100.149452,5.401312,2.390824
100.290108,5.468097,2.235015
100.430771,5.530762,2.074754
100.571434,5.588368,1.915976
100.712090,5.641931,1.754349
100.852737,5.692298,1.587562
100.993401,5.735596,1.422545
101.134064,5.774633,1.257166
101.274719,5.809834,1.089305
101.415382,5.840039,0.921961
101.556046,5.865057,0.753840
101.696701,5.884487,0.583607
101.837364,5.901734,0.412174
101.978027,5.913644,0.243316
102.118683,5.920086,0.074284
102.259331,5.922209,-0.095128
102.399994,5.920006,-0.265208
102.540657,5.914464,-0.434230
102.681313,5.902246,-0.607828
102.821976,5.884376,-0.775726
102.962639,5.860834,-0.944153
103.103294,5.834108,-1.112938
103.243958,5.803688,-1.277728
103.384621,5.767589,-1.442615
103.525269,5.728110,-1.612111
103.665932,5.683689,-1.777519
103.806587,5.633247,-1.942609
103.947250,5.577467,-2.107377
104.087914,5.519752,-2.268448
104.228569,5.457549,-2.427431
104.369232,5.390251,-2.585938
104.509888,5.318053,-2.742480
104.650551,5.241997,-2.894448
104.791214,5.161808,-3.044851
104.931862,5.076873,-3.194322
105.072525,4.988287,-3.338763
105.213181,4.895543,-3.483588
105.353844,4.798551,-3.624604
105.494507,4.696913,-3.761973
105.635162,4.592596,-3.896294
105.775826,4.483824,-4.025858
105.916489,4.371887,-4.152706
106.057144,4.256276,-4.276853
106.197792,4.137945,-4.396658
106.338455,4.015424,-4.511589
106.479118,3.889205,-4.620908
106.619774,3.760178,-4.729558
106.760437,3.628136,-4.834342
106.901100,3.491672,-4.934492
107.041756,3.353379,-5.029685
107.182419,3.211434,-5.121228
107.323082,3.066230,-5.209687
107.463737,2.920649,-5.296826
107.604385,2.769684,-5.377039
107.745049,2.616872,-5.453509
107.885712,2.463326,-5.524696
108.026367,2.309554,-5.591617
108.167030,2.153517,-5.656290
108.307693,1.995566,-5.718240
108.448349,1.836167,-5.770042
108.589012,1.676207,-5.821480
108.729675,1.514928,-5.863458
108.870323,1.351205,-5.905970
109.010986,1.188850,-5.940741
109.151642,1.024664,-5.967007
109.292305,0.859824,-5.993751
109.432968,0.693128,-6.013083
109.573624,0.523947,-6.028393
109.714287,0.353555,-6.038204
109.854950,0.183022,-6.044898
109.995605,0.010332,-6.047316
110.136253,-0.161839,-6.042427
110.276917,-0.332777,-6.033626
110.417580,-0.502895,-6.020741
110.558235,-0.670655,-6.005223
110.698898,-0.837023,-5.978953
110.839561,-1.003440,-5.952731
110.980217,-1.168638,-5.922183
111.120880,-1.331955,-5.884308
111.261543,-1.494821,-5.841621
111.402199,-1.657855,-5.795241
111.542847,-1.817799,-5.741938
111.683510,-1.978327,-5.687521
111.824173,-2.137543,-5.628116
111.964828,-2.294563,-5.560770
112.105492,-2.450760,-5.489878
112.246155,-2.607581,-5.416629
112.386810,-2.760935,-5.338709
112.527473,-2.911296,-5.257568
112.668137,-3.060132,-5.168958
112.808784,-3.204984,-5.080068
112.949448,-3.347373,-4.986223
113.090103,-3.485924,-4.887845
113.230766,-3.622317,-4.784674
113.371422,-3.754932,-4.679005
113.512085,-3.883088,-4.570086
113.652748,-4.009205,-4.456078
113.793404,-4.132492,-4.339239
113.934067,-4.251967,-4.218175
114.074730,-4.368612,-4.096008
114.215378,-4.481818,-3.966036
114.356041,-4.590504,-3.838835
114.496696,-4.696834,-3.705448
114.637360,-4.799338,-3.568662
114.778023,-4.897568,-3.428295
114.918678,-4.992288,-3.286313
115.059341,-5.082335,-3.138334
115.200005,-5.169148,-2.989261
115.340660,-5.251796,-2.838177
115.481308,-5.330043,-2.684978
115.621971,-5.404816,-2.528670
115.762634,-5.474762,-2.372019
115.903290,-5.540596,-2.212453
116.043953,-5.602069,-2.050413
116.184616,-5.658966,-1.887078
116.325272,-5.709929,-1.723857
116.465935,-5.756562,-1.557551
116.606598,-5.798228,-1.390550
116.747253,-5.836798,-1.220432
116.887901,-5.869706,-1.054188
117.028564,-5.896911,-0.886867
117.169228,-5.920469,-0.718479
117.309883,-5.938194,-0.548218
117.450546,-5.952361,-0.379349
117.591209,-5.961840,-0.209793
117.731865,-5.966490,-0.041766
117.872528,-5.966343,0.128995
118.013191,-5.961771,0.297208
118.153839,-5.950592,0.467241
118.294502,-5.936154,0.637486
118.435158,-5.916517,0.806050
118.575821,-5.891547,0.973225
118.716484,-5.862080,1.139863
118.857140,-5.828012,1.308664
118.997803,-5.788674,1.474579
119.138458,-5.745195,1.640486
119.279121,-5.697304,1.802694
119.419785,-5.644553,1.965360
119.560432,-5.587334,2.126657
119.701096,-5.525540,2.283692
119.841751,-5.459756,2.439874
119.982414,-5.389585,2.594476
120.123077,-5.314847,2.746851
120.263733,-5.235699,2.899160
120.404396,-5.153573,3.046104
120.545059,-5.065622,3.193740
120.685715,-4.975307,3.340546
120.826363,-4.880314,3.479852
120.967026,-4.780669,3.618499
121.107689,-4.678400,3.753531
121.248344,-4.572163,3.884368
121.389008,-4.461042,4.015896
121.529671,-4.348887,4.139286
121.670326,-4.231975,4.261356
121.810989,-4.113242,4.379789
121.951653,-3.992848,4.494461
122.092308,-3.871299,4.603409
122.232956,-3.744681,4.709451
122.373619,-3.615748,4.810300
122.514282,-3.485912,4.906111
122.654938,-3.353718,5.000428
122.795601,-3.220961,5.087162
122.936264,-3.088088,5.169700
123.076920,-2.954356,5.247828
123.217583,-2.820865,5.321243
123.358246,-2.686742,5.389269
123.498894,-2.553711,5.455268
123.639557,-2.422581,5.514750
123.780212,-2.293498,5.566401
123.920876,-2.167660,5.616849
124.061539,-2.044170,5.661948
124.202194,-1.922850,5.704656
124.342857,-1.806234,5.743399
124.483521,-1.692311,5.778003
124.624176,-1.581025,5.807530
124.764839,-1.473013,5.835561
124.905487,-1.369288,5.860242
125.046150,-1.270526,5.883795
125.186806,-1.173435,5.902715
125.327469,-1.081853,5.917612
125.468132,-0.994264,5.931888
125.608788,-0.910446,5.943295
125.749451,-0.830643,5.953952
125.890114,-0.755431,5.961875
126.030769,-0.684689,5.967850
126.171417,-0.618016,5.973020
126.312080,-0.556251,5.978461
126.452744,-0.498797,5.982159
126.593399,-0.446337,5.984691
126.734062,-0.397958,5.985073
126.874725,-0.355131,5.986324
127.015381,-0.317428,5.985447
127.156044,-0.282966,5.982672
127.296707,-0.255833,5.981085
127.437363,-0.230184,5.979485
127.578018,-0.211726,5.979247
127.718674,-0.195110,5.978100
127.859337,-0.182855,5.974169
127.999992,-0.174598,5.971113
