-123.548321,-0.007494
0.455741,-13.189034
-31.123836,5.144917
30.601614,22.595750
-57.557867,82.553193
11.649436,24.586030
-11.589319,25.634976
59.558432,-89.550304
-78.552173,-43.567768
5.120075,-27.645096
-19.611529,-11.052554
42.576305,105.547568
-41.559948,-79.551578
20.634913,-8.399937
-6.595810,0.676224
81.557259,-30.571367
-94.549287,44.562809
3.104113,12.970844
-24.591367,18.623865
37.469525,-11.163534
-49.572881,-0.277995
15.631124,36.565909
-10.203488,6.096751
68.573761,45.645605
-66.563270,-10.645736
7.805046,29.590948
-15.653904,45.573264
50.565955,36.588298
-35.604705,-0.118731
25.667669,-12.799798
-0.523587,-106.548825
96.545658,-28.580730
-105.547762,-1.867898
0.754977,-92.553547
-26.567068,-55.567955
33.672253,-4.240729
-53.559148,29.592772
13.633437,32.549430
-9.638592,48.555028
63.535581,2.654362
-72.555137,75.554603
6.698972,-75.550428
-18.633493,5.751484
46.564782,39.565056
-38.572540,-19.585574
23.591641,-114.547802
-3.314343,-22.905421
88.551017,-77.552163
-86.550916,86.551065
4.968183,-13.887517
-21.595529,-40.574054
39.570218,79.550540
-45.553134,-30.560219
17.593858,55.548993
-7.473122,15.907545
75.552963,-86.550881
-61.554953,-13.650858
9.659802,42.563504
-13.635553,102.549416
54.553926,82.553191
-32.575153,19.607004
28.585971,-97.548027
-1.194083,11.304389
106.548783,45.562998
-111.547629,2.124924
1.085849,-42.625898
-28.590407,25.591779
32.573724,-78.560967
-54.559303,-68.559538
12.614570,102.549092
-10.732962,29.628728
61.549663,5.776538
-74.551755,-54.561191
5.714213,-67.556947
-19.659857,0.459287
44.569196,87.549816
-40.571372,42.568137
21.631173,24.594137
-5.179542,-13.847641
84.553472,33.575923
-89.549969,-22.609394
4.398860,1.539203
-23.605111,61.550770
37.569678,73.558948
-47.559705,20.592301
16.617579,101.549871
-7.203171,19.708540
71.560708,66.583460
-63.556022,-7.672775
8.640379,44.586954
-14.611598,77.559387
52.548785,15.585737
-33.574675,-98.547360
27.130833,3.941276
-1.720451,32.671340
101.548670,-58.558557
-98.549423,-65.555333
2.166570,27.471570
-25.635892,7.936332
34.568475,71.556066
-51.565846,62.561293
14.576546,49.570627
-8.786722,32.563920
66.561319,-45.561670
-69.551579,30.568887
6.723710,102.549837
-16.770386,18.655592
48.550775,13.626054
-37.558631,76.552791
24.591610,-103.550044
-3.216692,-15.901280
91.552718,56.558995
-82.548042,35.580867
5.724072,-20.099596
-20.624155,-48.589851
41.573912,-83.553738
-43.562426,-34.569485
19.634875,-47.544681
-7.567644,0.242537
77.551358,29.602716
-58.558824,-98.548587
10.774286,31.582347
-12.642315,65.550113
56.558464,74.556100
-31.583648,87.551071
29.573650,-19.587288
-0.579206,3.323428
112.548124,53.559537
-115.546880,-7.681323
0.476739,19.828427
-28.573917,-56.566934
31.683770,-2.751252
-56.559779,52.563729
14.172603,-8.519549
-12.986305,-7.188869
60.560942,-55.556911
-76.567300,3.298829
6.235955,11.249298
-19.598018,114.546756
43.577200,61.554659
-41.559371,24.596824
21.596574,-96.552459
-4.229565,65.560170
83.549713,-53.561297
-92.550208,75.553334
2.387033,-66.556051
-23.646894,-21.544307
37.560432,-35.558584
-47.564603,-86.550061
17.443580,-6.128442
-6.750202,-42.584764
70.557954,-22.584570
-64.559273,-70.558652
10.453032,-10.817853
-15.045221,-11.126512
51.561807,12.759246
-34.568111,-49.550847
26.585104,-117.547195
-2.411903,-9.406231
98.549407,-3.854824
-101.550336,-0.563967
2.555713,-5.505845
-26.585672,27.586886
34.577638,-67.555126
-51.554388,-45.565709
15.202912,-7.298172
-9.212089,-15.262029
64.556570,67.558466
-70.560944,-12.649989
9.097953,2.289604
-16.715169,-33.636140
47.555011,20.551588
-37.562835,-92.552020
23.641925,-6.112580
-3.013370,27.829548
90.550418,-48.561968
-83.550689,-33.577761
2.980966,39.567519
-21.779570,1.224380
40.579678,10.623192
-44.558834,-6.767495
20.506236,0.431376
-4.939341,-59.559369
76.543063,20.585534
-60.560639,1.298885
11.117285,-15.877413
-14.170054,4.185766
55.554451,30.589222
-31.592602,-32.553018
29.182730,15.306979
0.009722,-40.580522
109.547895,0.019661
-108.548484,49.560133
1.469035,-1.473658
-27.652693,7.968154
32.580686,62.560569
-54.559947,49.561132
13.905218,-13.030004
-9.737968,-24.616125
62.562876,-10.601182
-73.553618,-43.562447
8.150028,9.476658
-17.606238,-114.547031
45.583411,32.610467
-39.568134,17.605668
22.774090,-3.491821
-5.350892,14.243476
86.550798,-68.554738
-87.549402,45.563559
2.163116,75.553400
-22.604850,-11.738742
39.561320,-81.545626
-46.553928,23.599773
17.642761,-17.688494
-6.545043,-18.798257
73.562254,-12.691205
-62.559164,-35.563634
11.168354,-11.832383
-14.972187,-5.809201
53.559078,59.560623
-33.578004,96.548187
27.599983,-41.554886
-1.320821,-21.371679
104.549151,-55.558336
-97.551472,27.580731
2.020703,-29.618255
-24.568528,-51.559535
35.569235,14.651038
-50.559153,49.568964
15.701910,-20.599385
-7.868789,-37.560373
67.546201,-14.646818
-67.562488,-29.579222
9.710061,-12.203683
-15.673096,-15.779454
49.567758,23.621059
-36.667470,12.706264
24.575964,43.546218
-3.416176,16.236568
93.551353,63.555788
-79.552634,-83.551206
4.587420,16.941518
-20.618950,32.536157
43.783068,-13.047633
-42.574462,-37.593283
19.611555,33.585138
-4.754605,118.547408
79.550572,-22.588137
-58.557924,38.557743
11.688780,-26.612231
-11.711797,-27.677185
57.562504,81.551590
-30.584698,46.557584
29.585342,97.548792
-0.341458,124.548199
117.547482,29.580159
-118.547429,-33.573542
0.386968,2.405402
-29.577557,102.547528
31.559365,-47.574143
-56.577648,-23.679907
12.619674,-104.547587
-10.682699,-47.564153
60.087431,38.938453
-77.556893,-16.632312
7.230104,-5.223362
-19.621289,18.641077
43.579745,-26.565938
-41.532467,-11.606847
20.840346,19.699109
-4.273137,20.735383
81.551151,80.552237
-92.550040,-60.555969
1.321081,58.560808
-23.588361,-95.551604
36.583948,42.576644
-48.560081,-80.552384
16.654254,-43.586220
-7.634161,56.573367
69.556925,-12.590358
-65.559938,-54.567394
8.677447,-78.555274
-14.614638,-84.547554
51.561963,-34.562567
-35.592202,39.559261
25.937416,14.516926
-0.910509,-44.575129
96.550642,31.581939
-103.551785,2.032423
2.458602,-19.871955
-26.679978,-0.236849
33.552318,47.554199
-52.570039,18.579671
14.584292,-85.555760
-8.609208,-60.552723
64.555111,-88.549561
-70.554703,-93.549862
8.986254,-11.072234
-17.615509,54.572922
47.566453,-18.651175
-38.551805,21.592238
23.575800,-40.555334
-4.231251,-5.304361
89.550864,-82.551911
-85.551380,64.556268
5.293781,9.305794
-21.674701,-9.083766
40.574954,-30.601941
-45.552501,17.621212
18.600979,-41.578426
-5.864024,52.567454
76.551609,-39.572164
-60.554822,-54.579645
10.637647,-73.547665
-12.802592,-20.666521
55.552194,-21.613201
-32.574968,110.548112
28.596498,-24.755865
-0.504810,75.549219
108.547846,41.565988
-110.548171,53.560005
1.048345,-11.364882
-27.581997,-51.548604
32.631302,-4.527749
-54.548584,-7.701339
13.647543,-33.562421
-9.649839,-122.547518
61.557889,94.548157
-74.563036,6.790883
6.773654,-19.707102
-18.588215,43.577413
45.547317,-32.581524
-39.555913,-25.569822
22.565048,-73.553795
-5.550467,0.689057
85.553126,-28.568919
-88.556347,-12.616291
3.863656,14.409959
-22.595673,-66.549556
38.590442,6.172542
-47.561835,97.549439
17.585040,-49.553070
-5.751024,-46.567630
72.558053,22.578822
-63.558717,44.565992
9.706940,-45.569912
-13.733783,-37.559939
53.562584,-96.548509
-33.787195,11.141196
26.565967,50.577649
-0.408651,116.546849
101.549292,19.596555
-97.549620,-33.570244
0.884446,90.545486
-25.610078,55.553353
35.559016,-43.589314
-50.564491,-49.563341
15.581904,-76.547702
-8.693437,97.547374
66.560805,52.562542
-68.557150,33.568016
7.866494,-34.583203
-15.660334,-73.555340
49.557633,-74.556919
-36.578363,-31.580676
24.523342,1.849135
-3.397110,4.518554
92.549254,41.564363
-80.552261,-89.550619
6.357318,-7.198069
-20.685836,8.055991
41.544910,21.556122
-43.571517,43.564276
20.061587,-4.286292
-5.207841,28.564782
78.553445,18.595587
-58.547701,-13.729439
11.646311,-109.547024
-11.682804,-80.548389
57.552596,-2.231065
-30.789138,2.451518
30.079956,16.404837
-0.068293,18.029702
115.547471,-18.596489
-113.547385,5.723584
-0.028939,67.558255
-28.524457,-1.465568
31.592128,37.576343
-55.553564,-0.006132
12.898918,9.904550
-11.605539,10.099738
61.554896,-61.560524
-75.553035,41.565093
4.765559,41.571076
-18.630290,-23.549121
44.559389,0.207211
-40.576886,-47.564404
21.621571,-15.750767
-3.082076,-38.541730
83.551163,76.552920
-90.550360,30.579791
4.289952,-11.325232
-23.605597,15.678189
37.596508,17.785669
-47.549555,-6.748971
16.610091,23.652586
-9.311536,0.296934
71.557623,-18.628633
-64.560986,-0.029577
10.177045,12.523314
-14.647842,20.799861
52.563949,-72.551951
-34.588797,17.632846
26.638850,-17.603943
-2.446021,12.023319
100.550528,-33.568997
-100.549376,31.573134
2.393223,7.351791
-25.662443,-25.605898
35.468380,-8.716964
-51.578914,-6.723674
14.833262,12.793054
-10.869703,2.104730
65.555025,15.587679
-69.557275,-87.550837
6.819623,37.578413
-17.231140,-5.396560
48.564857,-71.551049
-37.599605,-10.863376
23.931314,18.522313
-1.427437,-61.554079
90.550497,83.551585
-82.551225,-78.552145
3.976691,-72.556827
-21.587709,73.564199
40.566111,62.553849
-43.563533,-110.547312
18.614362,63.569552
-6.654472,-13.733501
77.553368,-42.574672
-59.559417,-41.564047
11.531189,10.329050
-12.630951,24.710509
56.559022,-40.580650
-33.033132,5.437823
28.581134,114.546670
-0.388016,-14.204241
111.548016,44.565446
-106.547525,25.571282
0.603185,27.685964
-27.571599,67.552402
33.573304,-70.555348
-53.556928,-65.555244
15.984582,4.868095
-12.009311,3.007303
63.553825,-92.551169
-72.552328,-8.720863
5.828644,33.593630
-17.607644,-11.770862
46.570030,-65.556086
-38.568501,-99.547950
22.561236,29.579842
-2.919966,111.545683
87.551338,8.660262
-86.549461,-2.146436
2.912788,-50.564327
-22.569222,28.615413
39.988313,-13.420315
-45.565577,-71.556777
19.391908,4.347170
-8.211896,4.465263
74.550198,-51.562513
-62.557365,81.551792
10.573200,7.932395
-14.104934,11.782415
54.558480,0.940259
-32.543154,-7.855711
27.586189,25.580042
-1.494759,1.613920
104.548550,65.555690
-95.548919,-20.593197
3.486043,-4.473569
-24.676210,-5.445787
35.571687,117.547051
-49.559360,-39.570045
17.651896,4.936234
-9.868798,-9.224910
68.557057,-55.555735
-67.554744,80.551731
8.861885,10.067074
-15.899545,8.307136
50.553596,-67.561906
-35.574316,-64.557493
25.591777,-46.594205
-1.574106,48.553777
95.549398,44.560599
-79.550516,31.589457
3.802852,72.554841
-19.583476,-70.555496
42.577184,28.583781
-42.575401,29.595748
20.588801,-103.548040
-4.040854,-36.598507
80.552039,-19.603279
-57.561201,-44.564778
14.188108,2.321644
-13.880538,0.423963
58.560948,-34.560339
-29.568730,-18.619173
30.681003,-8.834175
0.000113,-53.567205
121.547103,24.585186
-120.546925,17.600143
0.325518,-3.348889
-29.569917,57.553076
30.561624,88.548802
-56.566187,-59.588458
11.697310,63.571174
-10.660103,-83.553371
59.555034,-12.619613
-78.551623,43.568876
6.963173,-13.418085
-19.881696,1.506330
43.557492,-56.563637
-41.565063,-53.570044
20.864309,2.456922
-6.202194,12.312901
81.549767,22.596091
-93.552660,4.006109
1.158855,39.560091
-24.569191,80.556504
36.699701,4.037933
-49.558103,29.585294
15.609863,123.546748
-7.793190,21.632621
69.553906,-77.552795
-66.555857,35.587527
7.672764,94.547315
-15.635040,83.554427
51.557295,-54.556960
-35.594480,20.641065
25.737528,0.055838
-1.274151,-65.548509
96.555379,4.788851
-103.548307,-42.565279
1.029085,-29.625431
-26.580158,-16.765367
33.564011,22.618438
-52.575446,-38.576082
13.595740,94.546707
-8.664588,-86.550786
63.553246,49.582429
-71.560202,8.808277
7.576912,-18.731731
-17.630530,27.592789
47.551999,-41.567970
-38.571101,6.844340
23.595261,-81.552838
-4.212304,-13.197768
88.553124,1.420134
-85.541808,-11.595557
5.567771,0.575297
-21.599312,-22.553906
40.571554,-69.551185
-45.551784,-10.892769
17.600676,83.552125
-6.054997,33.625662
75.553095,49.566343
-61.558076,54.555533
9.640867,107.547392
-12.681578,-58.566645
55.559602,-51.566712
-32.579563,62.555314
28.543611,-50.544112
-1.065060,31.298463
107.548730,36.571252
-110.546654,-18.598892
1.166650,-20.167180
-28.585981,82.555049
32.549125,-37.574260
-54.584700,-25.597580
13.743120,-46.597721
-10.647888,62.556110
61.556823,57.561465
-74.550895,-12.629360
6.425899,-33.560686
-18.660155,12.656638
45.565513,-70.549061
-39.554516,-60.564671
21.585768,65.568675
-5.503352,-3.490029
85.551801,-56.559580
-89.550314,10.684936
4.412597,7.389152
-23.588356,111.548354
38.543922,-29.575134
-47.554789,63.557712
17.636308,-78.553396
-5.720034,-114.546573
72.553769,-56.557845
-63.563013,23.576330
9.684396,-82.551013
-13.637280,-76.560616
52.575494,42.601863
-33.540616,-23.666578
26.604636,30.586631
-1.222638,68.552323
101.552216,1.790968
-98.549700,44.563396
0.598618,69.554967
-25.647953,36.578723
35.574221,-82.549302
-50.559479,-100.548537
14.601839,98.549636
-8.699215,53.550943
66.552587,8.716772
-68.564182,-21.635113
7.658293,-58.558372
-16.621834,69.547545
48.564051,70.548543
-37.570741,111.547648
24.598959,-15.654496
-3.417388,-0.307568
92.551919,1.943331
-81.548926,-8.781316
5.824991,-12.017429
-21.102202,-9.848776
41.592699,-18.622784
-43.547053,1.428609
19.758104,-17.749723
-7.091786,8.409186
78.554134,-37.562776
-58.754775,-60.730199
10.668766,61.539356
-12.630698,122.547936
57.553050,-20.584111
-30.565289,-34.562584
29.858853,4.121605
-0.426758,13.038228
114.547653,-37.566214
-114.549779,1.147483
0.018829,37.571311
-28.580954,-13.619619
31.627934,19.660899
-55.555233,-73.553471
14.900875,0.191263
-12.835770,-0.140103
60.552607,25.579411
-75.554580,-71.555809
5.068073,24.676512
-18.573430,-57.563047
44.582186,-28.575845
-41.565525,83.553632
21.540551,-43.567204
-3.440574,-72.585074
83.552920,48.557737
-91.550693,51.561039
4.267011,-18.274982
-23.766083,0.907691
39.132530,-8.177779
-47.570958,-42.568005
16.950094,10.249925
-8.696720,-11.810309
70.562511,42.590065
-64.560499,-28.572202
11.246109,-4.077436
-16.659216,5.378808
51.560670,110.548285
-34.587182,-11.838309
26.618885,-32.593161
-2.337140,-0.295546
99.548177,29.573254
-101.548379,62.557072
2.606096,2.584654
-25.572967,-100.549231
34.569475,-20.632214
-51.552901,-22.549846
16.756507,6.843101
-11.235796,-5.172199
65.552476,-7.832586
-70.561681,35.570004
8.793481,16.530047
-16.769937,-10.914565
47.561792,102.548558
-37.568864,-36.576505
24.786516,4.127797
-1.997936,87.553676
90.553016,10.635314
-83.552731,32.564508
2.920218,115.546375
-21.625081,37.576295
40.547073,43.561585
-44.567645,9.673618
18.652281,29.589326
-5.072224,-29.617734
76.552565,94.550278
-60.555410,57.560327
12.944624,-3.022273
-13.094191,13.428487
56.559419,-107.548080
-31.650420,-7.843095
28.554488,57.557306
-0.349218,-19.473293
110.546394,6.670136
-106.549429,-21.594582
1.321924,8.367660
-27.573084,40.557081
33.573525,-102.546926
-54.558166,87.549348
15.738571,-1.524950
-11.965023,-9.179837
62.549984,22.610434
-73.553694,61.561019
6.202575,21.706525
-17.635174,-43.556175
45.559133,77.552706
-39.569245,61.555950
22.776123,11.792712
-3.415201,21.635221
86.550751,22.601810
-86.550822,-37.567753
3.007547,-63.558396
-22.615483,10.701142
39.583535,-53.553499
-46.554991,67.551391
19.112074,-3.403205
-8.540757,-7.368316
73.708196,56.049336
-62.541953,6.713362
11.928080,2.012641
-15.065855,2.270867
54.563880,-44.570710
-32.571188,-46.563215
27.784560,4.839151
-1.432330,-7.131655
104.549754,-1.993622
-96.550091,40.568040
3.319339,-14.140159
-24.545729,-29.593972
35.573976,60.554321
-49.562988,-109.547960
17.393344,-2.414208
-8.117617,-22.702783
67.555523,73.553626
-67.550974,27.583108
10.112651,2.318753
-17.126229,-0.326959
49.566318,60.562255
-36.582163,70.547993
25.564979,-68.565166
-2.642119,26.923085
95.548535,-21.592405
-79.553465,-25.603722
3.992405,54.569326
-20.563211,70.546085
42.563486,7.784133
-42.553099,9.894595
19.628122,88.549699
-3.919609,-57.561792
79.562086,63.594730
-58.559448,94.548201
13.171010,-8.001706
-13.232179,-9.981202
58.556895,-60.554979
-29.576130,-39.546927
30.573115,-52.559347
0.013233,-79.549240
118.546436,18.603648
-116.547808,-26.580608
0.437010,11.994966
-28.576934,-95.548598
31.577178,-23.592249
-56.567345,8.675747
12.641545,-44.561729
-10.783705,-22.634299
59.556287,100.549308
-77.551198,47.561317
7.427040,1.613602
-19.618294,38.590740
43.603648,26.568937
-41.569554,5.950553
20.592916,55.557338
-3.876832,49.565858
82.551478,11.667853
-92.549057,-13.576903
1.203887,124.548049
-23.630260,-40.594999
36.570239,111.547998
-48.586080,6.787946
16.894306,-12.701173
-7.684238,114.547830
69.554087,70.555032
-65.545887,4.813778
9.133424,-18.640785
-14.623552,-32.566763
51.569396,0.468735
-34.570222,-106.548616
25.633975,54.549621
-2.071513,-17.972410
97.550272,-36.579870
-102.548079,-38.568515
2.252019,-13.375605
-26.603053,9.679478
34.177667,105.557390
-52.557720,83.551057
15.122077,-26.691227
-8.834782,-21.691136
64.562859,-17.598256
-70.551974,-47.559763
9.249039,-5.140042
-16.590347,-68.553960
47.559253,0.349493
-38.562649,40.561358
23.579746,-21.682620
-4.263559,9.260671
89.549698,29.588931
-84.551007,49.560506
3.475009,22.712935
-21.826730,-4.251735
41.130955,-10.715435
-45.566512,74.557369
18.590879,-8.968545
-5.716397,123.547265
76.567353,3.817502
-60.545388,-24.559298
10.743870,-24.649627
-14.131495,-7.503967
55.570085,-5.954861
-31.567821,-78.550065
28.571461,-1.473047
-0.012387,-119.546316
109.547208,-26.587399
-108.548478,-43.564057
1.328633,-6.533593
-27.561496,-22.633279
32.860900,6.973814
-54.563016,11.647578
13.712012,-26.639350
-9.773281,-76.577776
62.558805,-58.552679
-74.556857,58.553793
8.356497,-4.217760
-18.553883,61.562393
45.577738,-5.078032
-39.543397,-0.577094
22.566845,-18.602767
-5.238571,6.480215
85.551831,65.557807
-87.550865,-61.557333
3.082193,27.598531
-22.635787,-27.577245
38.580680,54.554936
-46.567845,-59.561710
17.677201,-31.639263
-5.911789,-33.575293
73.553645,-98.549367
-62.555166,-94.549562
9.753742,-31.582394
-13.780564,-13.849602
53.557515,-4.282997
-33.573150,23.644475
26.620462,104.548636
-1.023540,-30.602216
102.550126,30.579384
-97.548293,6.620926
1.317952,-49.570269
-24.589915,-92.545317
35.640186,-3.278395
-50.630790,4.051786
15.588824,-50.549831
-7.771923,-54.563956
67.557621,-62.555542
-67.555503,-99.549653
8.019174,-23.660610
-15.670140,-39.566313
49.575669,-20.621476
-36.527452,-6.963733
24.606281,23.615566
-3.250250,10.226666
93.549524,-34.564377
-80.554552,5.815044
6.288810,7.285844
-20.692204,17.632598
41.558409,39.570214
-43.563900,87.550265
19.720156,8.264984
-4.807848,91.550164
79.552127,-82.551799
-58.564327,-0.881781
11.683708,-38.561723
-11.600069,-45.553614
57.559410,34.569617
-30.627692,14.701071
29.565371,37.575079
-0.035522,42.538707
116.547034,14.606449
-111.547317,-34.574153
0.072071,-59.555277
-28.591557,14.619600
31.577244,58.568072
-55.566345,24.573797
12.648292,26.582262
-11.005428,20.337580
61.562281,-20.591965
-75.552545,94.550267
4.777208,109.548325
-18.703134,-9.787966
44.614790,13.586044
-40.600317,-6.218897
21.759538,6.315768
-3.508593,-24.735285
84.547181,-0.135111
-90.550279,70.554107
4.361208,-5.308758
-23.579970,31.641729
37.582274,40.549239
-47.596849,3.928223
16.663011,49.575487
-9.274423,7.111334
71.553419,13.626382
-64.556976,74.553530
8.725144,28.626096
-14.663600,34.607749
52.567064,-17.597223
-34.573268,65.560770
26.585109,-6.222985
-1.627026,17.214469
100.548603,25.575660
-99.550790,-4.900665
1.869310,15.536875
-25.665278,-2.704555
34.580081,19.602897
-51.596353,15.609625
14.636155,26.585405
-10.341091,12.703351
65.557314,76.555009
-69.552987,-10.577393
6.795559,65.555248
-17.473817,6.271886
48.550719,-21.689399
-37.559139,44.567554
23.559653,69.557015
-1.916642,-23.780817
91.555125,-0.768855
-82.550865,-52.560524
5.598649,-36.090393
-20.594991,-118.547270
40.566340,94.550301
-43.570379,-76.551237
19.593493,-81.559043
-7.283605,-7.242648
77.555280,-0.520065
-59.572731,8.665751
11.175027,16.734004
-12.607158,43.572048
56.541689,20.550411
-31.575089,49.571560
29.591393,-63.551756
-0.745680,-4.566389
112.548665,9.670865
-105.548465,-58.557976
-0.025198,55.557494
-27.583314,111.547666
33.583167,-24.585386
-53.573599,0.101870
13.823710,14.679715
-10.692655,14.645667
63.559474,-27.572565
-72.558697,30.584792
5.824073,51.541254
-19.064254,-0.303953
46.601546,-2.983002
-38.560365,-69.549361
22.601875,62.559386
-2.178610,-46.569835
87.551827,49.563167
-86.550742,25.578220
3.769093,-30.645540
-21.575911,-73.551101
39.564841,8.724616
-45.553356,-47.560647
17.628992,16.475194
-7.922794,10.007629
74.551280,5.956714
-61.556018,-84.551543
9.909876,19.964110
-13.638841,29.599167
54.553972,35.578881
-32.741803,3.198063
27.565839,78.549723
-1.458029,6.449818
106.547052,-23.591964
-94.554479,-15.634728
3.407854,3.435893
-24.776226,2.091653
36.559871,-47.551317
-49.553088,-16.643547
16.578376,13.738002
-10.201093,-2.097218
68.555978,14.600116
-66.556433,-76.551791
10.265059,16.805906
-15.959859,14.662570
50.562798,-11.822215
-35.562123,-19.537925
25.934623,-29.014570
-1.235381,83.555307
96.549005,-63.557589
-79.551905,81.552175
4.763035,-79.544835
-19.561069,-38.551907
42.565124,55.563173
-42.567683,104.547655
20.616618,-40.553611
-6.246131,-10.196907
80.551745,41.567051
-57.584265,11.674910
12.144196,9.221235
-13.024430,12.275963
58.578174,21.612588
-29.533571,-3.327303
30.538051,2.154848
0.402120,-23.333475
122.547504,17.601681
-121.547216,-7.688252
0.226491,-7.362253
-29.548256,37.559912
30.572331,44.574082
-56.558045,-94.548500
11.676661,44.570482
-11.602734,41.551040
59.549427,-23.601118
-78.542757,6.753373
6.042705,-18.208019
-20.163737,-3.256284
43.560701,-66.557810
-41.563778,-63.553673
20.988569,-3.410834
-6.159593,10.049496
81.544365,0.052989
-93.549080,-0.770922
1.903776,20.628231
-24.580320,39.539135
36.570640,0.924173
-49.557858,15.583231
15.578614,64.559511
-9.443359,11.062324
68.554486,100.549326
-66.551797,11.684511
7.692870,78.551565
-15.615424,57.568645
51.562182,-93.547439
-35.701316,7.881960
25.622247,-1.965449
-1.250709,-83.550729
96.552357,-0.066942
-104.548267,-46.563734
1.921990,-39.763008
-26.586847,-28.564202
33.576952,13.670201
-52.567896,-61.565125
13.644671,55.563213
-9.658317,119.547034
63.941965,38.185602
-71.561824,0.113635
6.946128,-29.602229
-17.686439,17.704626
47.561259,-104.548031
-38.580754,-3.975949
23.613636,-89.551338
-4.428028,-17.442728
88.551177,-34.569299
-85.547822,-24.567693
5.579195,-3.352351
-21.600777,-26.648446
40.566199,-102.548089
-45.565926,-18.559896
17.633123,75.544470
-5.774385,27.611272
75.550032,-21.574352
-61.558164,18.579688
9.657575,75.556898
-12.638153,-87.552910
55.561297,-75.553190
-32.567594,39.582487
28.562364,-71.561719
-0.741284,23.677190
107.544951,3.108396
-111.548203,45.565165
1.077550,-22.323730
-28.603571,43.572866
32.594733,-45.549427
-54.552776,-42.562250
13.618073,-99.549351
-10.593793,50.576081
61.558149,32.567224
-74.555274,-27.565650
5.909517,-44.563930
-18.867191,6.983719
45.562011,-85.549283
-40.558038,67.567649
21.615743,51.556864
-5.367824,-5.512218
84.551237,87.550928
-89.556173,3.129551
4.348141,5.333974
-23.602334,71.548323
38.572565,-49.571477
-47.554707,44.569691
17.599286,-95.552248
-6.832886,49.574006
72.553744,-81.551862
-63.558752,11.606789
9.640947,-117.546380
-13.621310,-109.547845
52.554282,25.600443
-33.568267,-36.565030
26.635270,19.738238
-0.438260,54.551735
101.547543,-12.638600
-98.547255,-11.607650
0.671160,45.566422
-25.577449,22.579090
34.573494,95.554881
-51.561289,107.547823
14.586557,68.547981
-8.612793,43.545738
66.558264,-10.664909
-69.551021,75.554253
7.685516,-70.565855
-16.557988,39.592932
48.595384,44.644595
-37.569990,99.548823
24.579439,-20.587051
-3.239892,-2.432478
92.550651,-25.580121
-81.555912,-39.566545
5.861471,-15.140290
-20.639445,-15.670705
41.588769,-33.559141
-43.548171,-22.579646
19.976283,-26.214596
-7.049268,3.545106
77.552808,69.556040
-58.554914,-77.549855
10.675383,54.562635
-12.623646,81.551673
57.557902,-54.556300
-30.621070,-41.584272
29.588159,-5.994133
-0.282307,7.383455
113.547267,0.015970
-114.547492,-31.572715
0.164978,32.681661
-28.567984,-26.586954
31.606078,11.649508
-56.558458,106.548572
15.079531,-4.396863
-12.983124,-2.138839
60.558565,-4.823709
-75.552525,-89.550766
7.173104,15.752887
-18.579968,-75.548989
44.555791,-46.563869
-41.582485,65.549815
21.649860,-60.558486
-3.987470,83.555507
83.550718,-5.879220
-91.554468,14.598332
3.798411,-20.936001
-23.612457,-13.648736
37.607700,-17.652577
-47.571018,-48.566469
18.652316,0.675388
-8.136163,-13.982725
70.547652,8.902301
-64.558115,-41.562174
11.285232,-7.060423
-16.056623,-1.445329
51.629000,44.775225
-34.533465,-21.569454
26.568099,-61.561619
-2.409233,-5.447734
99.550601,-49.562580
-101.549647,47.561767
2.671937,0.470407
-26.579734,75.558959
34.575955,-36.557373
-51.559468,-26.596796
16.910198,0.485000
-11.480978,-8.292076
65.553478,-53.559245
-70.559178,15.662510
8.432695,11.679851
-16.665670,-17.627410
47.555739,58.559395
-37.563792,-50.570500
23.878181,-0.002181
-2.158085,54.558729
90.554642,-21.590469
-83.555302,5.849631
3.115114,66.556350
-21.669646,9.875022
40.552101,29.573096
-44.603881,-0.028456
18.633227,19.676661
-5.159082,-33.572025
76.633311,52.721541
-60.566357,27.565852
12.876342,-6.993762
-13.537669,8.092243
55.557731,87.550531
-31.636060,-14.608211
28.579259,40.568178
-0.569215,-23.054756
110.547875,-54.559002
-107.548308,20.597635
1.614651,3.520301
-27.589305,23.592833
32.707261,100.563665
-54.559022,75.553722
15.144355,-6.158833
-11.163997,-12.431450
62.571727,12.654915
-73.548182,24.573170
6.597494,17.688868
-17.630043,-50.584875
45.564911,55.566951
-39.560163,36.567438
23.192272,3.927375
-4.205412,18.572748
86.551807,-13.612703
-86.551662,-80.551719
3.133652,-86.549286
-22.754834,-1.191586
39.568247,-62.560472
-46.569481,51.551299
18.375398,-5.360242
-7.812319,-10.099767
73.558122,11.614162
-62.549094,-16.627483
11.969668,-2.179690
-15.646690,0.005293
54.557469,-87.553495
-32.573636,-61.555988
27.567851,-5.143037
-1.338218,-12.041944
104.548846,-29.577737
-96.548494,-29.577515
2.358217,-24.758207
-24.566443,-43.546834
35.574829,35.560268
-50.560234,90.549222
16.136421,-8.497417
-7.852737,-25.597750
67.688910,38.592692
-67.566977,5.810873
10.332795,-1.942041
-17.003717,-3.160994
49.547166,34.559770
-36.562037,27.588050
24.584748,97.545831
-2.024507,21.866846
94.549732,68.554453
-79.552605,-35.569888
3.790936,37.563836
-20.600355,61.552859
42.739766,-3.638040
-42.606675,-12.774635
19.632901,48.570480
-3.884268,-86.549565
79.548447,13.604475
-58.559706,67.553424
11.824465,-14.877236
-12.187978,-13.203761
58.555291,-96.548599
-29.592622,-49.544859
30.580100,-69.553471
0.218217,-87.546236
118.548251,1.275036
-118.545371,4.764034
0.382932,9.291296
-28.584547,-103.549295
31.599714,-28.580742
-56.559178,-5.784998
12.687592,-55.559289
-10.733321,-30.595118
59.557415,72.554299
-77.818638,-3.372573
7.460585,-0.539130
-19.701729,29.624393
43.593386,9.760624
-41.593004,-1.954222
20.612914,31.559219
-4.216038,32.598678
82.551902,-26.576883
-92.549735,-34.571009
1.331236,95.549780
-23.588811,-79.552586
36.573535,63.555530
-48.551883,-22.570600
16.686082,-24.608723
-7.696976,78.546778
69.560738,24.610572
-65.570736,-4.026197
8.720360,-27.635323
-14.636419,-41.561156
51.568485,-6.871077
-35.569610,60.566473
25.591969,26.585397
-1.986923,-19.959896
97.549705,-60.555774
-103.548836,43.563030
2.266017,-16.936733
-26.761377,3.116068
33.588187,56.561605
-52.565982,34.561737
14.584528,-71.559919
-8.683574,-34.597315
64.558035,-61.557099
-70.553349,-61.553215
9.270940,-8.205763
-17.597672,95.551944
47.614935,-10.749030
-38.580128,25.634117
24.642442,-30.691139
-4.483309,-0.639218
89.547697,-2.267281
-84.551192,-42.566473
5.075221,12.410303
-21.703894,-6.399353
40.560429,-16.625668
-45.567100,47.560039
18.679109,-15.664916
-5.653118,80.553551
76.541260,-16.652017
-60.568089,-43.578790
10.658527,-58.561849
-13.095710,-12.718178
55.547880,-12.669293
-31.583664,-93.546722
28.606533,-10.947641
-0.357193,98.546083
108.548139,59.557532
-109.547453,42.563044
1.496814,-8.524265
-27.566860,-42.563936
32.548127,-0.914095
-54.548949,-0.263544
13.683457,-30.558006
-9.639843,-102.548137
62.556844,-84.550163
-74.552891,21.561832
7.907457,-13.940665
-18.603683,52.547889
45.612704,-17.542359
-39.630310,-17.549979
22.571168,-45.592443
-5.318747,4.204605
85.551818,-2.720067
-88.545968,15.592022
3.329496,20.673764
-22.591427,-38.570816
38.592082,26.596738
-46.564551,-112.548620
17.739423,-35.610896
-5.848373,-38.575876
72.559623,37.562502
-63.555279,91.550311
9.765368,-40.570471
-13.665314,-26.566464
53.563673,-67.554560
-33.595651,15.107968
26.576415,87.549073
-0.090926,-63.568109
101.549203,58.557730
-97.550706,-2.095844
0.523627,109.546244
-25.575280,103.547757
35.571308,-22.586857
-50.560040,-33.557758
15.608219,-58.555080
-7.725821,-73.591796
67.555095,-103.548895
-68.553105,60.558036
7.760120,-28.586500
-15.627991,-58.569226
49.558498,-45.550904
-36.593988,-21.644357
25.456160,16.087567
-3.330012,6.491716
93.550204,-79.552207
-80.788059,-1.062771
6.288664,2.277851
-20.602505,14.721147
41.569843,31.587283
-43.560065,71.552025
20.024832,3.106335
-5.000585,42.601200
78.552066,75.553025
-58.552241,-9.642960
11.647052,-68.570338
-11.746339,-61.570891
57.549039,0.527893
-31.033976,11.161294
29.578589,25.583237
-0.505895,29.978416
115.550088,-6.704000
-112.548019,-47.561531
0.381621,-105.547077
-29.247899,6.202252
31.570626,50.554403
-55.551833,13.730568
12.719194,18.690203
-12.309825,13.337072
61.559855,-35.572633
-75.552723,70.551727
4.753558,80.553586
-18.706059,-20.618610
44.603063,3.950514
-40.563208,-27.579210
21.855177,0.015885
-3.268306,-30.618917
84.551447,-63.556760
-90.551670,44.560959
4.329223,-8.425780
-23.594543,20.626417
37.563130,25.554643
-47.552456,-0.770247
16.669625,27.564142
-9.171020,2.393173
71.560249,-0.660468
-64.553523,48.554974
8.799747,22.664536
-14.622398,28.595914
52.554267,-42.565167
-34.566594,47.545608
26.750323,-8.266277
-2.264215,14.284104
100.546174,-8.668069
-99.549354,-68.556248
2.030052,11.841521
-25.599908,-11.683540
34.623918,2.441263
-51.541606,7.699762
14.645005,18.635255
-11.047194,7.970185
65.561536,31.614032
-69.552941,-37.560550
6.772144,53.565460
-18.252419,1.893093
48.561971,-49.559970
-37.542538,0.403775
23.602809,48.587149
-1.600611,-40.549819
91.546243,-17.630149
-82.551510,-62.556865
4.286490,-47.571528
-21.593272,95.548530
40.577810,75.555888
-43.565457,-84.554872
19.600465,-107.549427
-7.024498,-11.771106
77.549365,-13.825821
-59.571750,-20.624183
11.890048,14.127161
-12.640078,27.550118
56.572243,2.254317
-31.553906,22.595679
29.580797,-112.548197
-0.535585,-9.391513
112.548764,-14.612011
-106.547273,32.576621
0.789897,40.576952
-27.600726,86.549901
33.604404,-33.562281
-53.567692,-32.572737
14.140594,7.850535
-11.729828,6.869910
63.553061,-46.559221
-72.564877,3.082455
5.821984,39.574446
-18.075212,-3.804647
46.554114,-36.602310
-38.569492,-76.555105
22.602431,36.558057
-2.337883,-63.555364
87.552577,19.603262
-86.544974,18.567258
4.877179,-36.674320
-22.566708,47.550773
39.567085,1.823252
-45.575395,-56.562613
17.864321,9.201692
-8.175163,7.395564
74.553947,-1.286047
-61.557540,-104.548855
10.433163,11.178061
-15.416443,17.470015
54.570013,7.728040
-32.660516,-2.432304
27.587360,46.548396
-1.566380,4.468136
105.549674,-15.599146
-95.549221,48.561549
3.306171,-1.439084
-24.760411,-0.767263
36.558535,-56.556136
-49.553545,-29.569861
16.301465,7.892440
-10.302632,-6.323628
68.563250,-3.226406
-66.554687,-90.551081
9.452924,14.481876
-15.687980,11.022036
50.578578,-30.576441
-35.580489,-38.571489
25.620408,-35.664481
-1.585623,58.550516
95.551155,52.561829
-79.552718,50.562072
3.865229,92.550083
-19.570418,-53.550534
42.567842,44.568829
-42.584540,61.554797
20.620818,-69.564481
-4.759555,-21.982772
80.554731,4.965279
-57.554888,0.507799
13.742031,6.560891
-13.606026,5.155507
58.544387,10.659135
-29.613188,-8.805297
30.640633,-0.910634
0.027023,-30.614695
122.546406,-3.852125
-119.547073,-3.805139
0.506340,-0.485237
-29.566836,70.553060
31.577240,-116.547666
-56.553488,-40.559920
11.633865,84.556507
-10.662786,-52.567017
59.561449,3.521502
-78.552238,64.557009
7.536532,-8.435912
-19.692534,6.523888
43.573074,-40.549680
-41.556729,-35.573838
21.877886,14.218195
-5.276928,18.758518
81.551406,37.563113
-93.553468,18.666552
2.142770,52.559609
-24.587682,92.549357
36.585451,16.642991
-49.559958,77.553229
16.619534,-69.552527
-7.777594,27.604696
69.555294,-37.574548
-66.555488,68.555139
8.655265,-112.548590
-15.620636,111.546852
51.568835,-47.557150
-35.593866,30.563300
25.600326,6.959936
-0.852728,-54.566875
96.550742,19.573260
-103.548227,-19.583855
2.405677,-22.287109
-26.617514,-9.735152
33.612272,31.555792
-52.563810,5.730424
14.623675,-112.547744
-8.752838,-66.555202
63.555354,70.556910
-71.551284,58.554163
8.545898,-14.825007
-17.590384,33.605513
47.562705,-29.554021
-38.606704,11.708335
23.649797,-49.561930
-4.225133,-8.245262
88.550249,33.574731
-85.550268,2.516977
5.413310,5.378715
-21.690083,-16.596009
40.580122,-41.561934
-45.556104,11.836344
17.611293,105.548701
-5.886774,40.574557
76.550938,-57.559657
-61.554786,86.551388
10.668103,-90.553913
-12.537696,-31.586046
55.554173,-34.568674
-32.579245,83.553811
28.593095,-38.559602
-0.269753,47.560956
108.548479,-37.571310
-110.549316,12.618618
1.417633,-18.057352
-27.591611,-82.551633
33.182051,-15.372466
-54.541737,-15.566752
13.630572,-40.596789
-10.645719,86.551154
61.556139,79.553104
-74.923438,-1.852175
6.141450,-25.610481
-18.661422,19.587477
45.577833,-55.558359
-39.568556,-38.572112
21.613977,81.555790
-5.627257,-1.468917
85.554104,-41.563700
-89.551517,38.572453
3.794615,11.742516
-22.586527,-104.548782
38.797776,-13.652375
-47.564632,82.550215
17.605044,-56.549049
-5.860788,-76.689300
72.550821,-30.566114
-63.548176,32.553437
9.587164,-55.555471
-13.597591,-54.566464
52.558156,73.554687
-33.570082,-0.436195
26.603179,37.590093
-0.542284,77.553781
101.546099,10.633544
-97.549811,-42.562584
0.974407,77.559316
-25.581690,46.567778
35.584594,-64.562870
-50.563807,-72.552304
15.594072,-90.552296
-8.716604,71.553407
66.551761,26.570003
-68.569010,9.684355
7.751462,-45.576282
-15.609071,-92.550386
49.562983,-110.547282
-36.554599,-79.546668
24.727566,-2.886403
-3.680487,2.558953
92.549004,23.596571
-81.559896,26.587204
6.219323,-9.405118
-20.952512,3.975344
41.569980,1.067538
-43.581433,24.575974
19.664771,-10.830304
-6.178505,15.300778
78.555127,-25.570780
-58.549440,-32.582530
10.647847,118.546739
-11.641048,-95.548719
57.565793,-10.621363
-30.583073,-13.628694
29.586308,10.710006
-0.464669,15.136379
114.553887,3.866212
-114.548212,15.603205
0.196778,50.560519
-28.619284,-7.104155
31.566807,29.577183
-55.563781,-9.678233
14.952887,5.739913
-12.784955,6.544281
61.558890,-97.549350
-75.548420,-21.573784
5.104106,29.585121
-18.641496,-27.622092
44.623200,-17.790872
-40.566624,-105.547306
22.070295,-27.094201
-2.962825,-51.563540
83.560940,61.589233
-90.550138,-16.604506
4.032808,-15.638508
-24.764328,4.740916
37.577792,11.611362
-47.554937,-15.608489
16.728554,17.729972
-9.071092,-4.162670
71.554513,-90.550273
-64.563792,-17.609667
10.965168,4.193680
-14.779301,12.799387
52.558447,-99.551425
-34.614995,-3.382681
26.597618,-21.611640
-2.454100,2.540836
100.549355,-66.555131
-100.545997,-21.589594
2.381525,5.330202
-25.564743,-53.565461
34.600711,-16.018520
-51.567641,-11.761106
14.831964,9.682125
-11.268025,-0.418481
65.577287,4.111081
-70.553941,71.552438
7.494509,18.694321
-17.052807,-7.752608
48.561257,-95.549307
-37.550050,-27.575029
23.614246,7.970424
-1.918892,-77.554313
90.550351,63.556449
-83.553131,53.559263
3.776524,-122.547094
-21.627872,53.541361
40.553607,51.565982
-44.562897,36.562558
18.593643,38.595258
-5.410486,-20.823582
77.551957,-71.555012
-59.559071,-73.556111
13.193394,3.258186
-14.246615,19.905557
56.556021,-69.562992
-31.650593,-1.121996
28.574934,92.550754
-0.541789,-16.821787
111.547284,-21.585810
-106.549155,10.625141
0.966207,18.117299
-27.572155,60.544466
33.573790,-85.555335
-53.557602,-89.550656
15.775243,1.437724
-11.817174,-4.074811
62.554397,75.552711
-72.551562,-78.554433
5.801285,25.608008
-17.625304,-18.621537
46.559882,-98.550746
-39.567816,106.550037
22.679973,21.706055
-3.584685,34.611315
87.552746,-21.572543
-86.550086,-18.612672
3.014181,-58.556978
-22.593643,14.645383
39.557595,-26.568643
-45.561486,-106.548153
19.945357,-1.017343
-8.081173,-5.053197
73.553049,75.553347
-62.557497,64.559548
12.281009,4.400970
-14.368402,8.897685
54.557821,-31.574095
-32.600606,-18.720034
28.297504,18.221124
-1.492584,-1.577550
104.548789,25.572639
-96.549995,58.557803
3.361656,-7.563412
-24.542975,-20.620595
35.576817,79.549203
-49.558329,-64.555045
17.928521,2.510504
-10.238751,-11.717541
68.555078,-86.550406
-67.554583,54.562400
10.200513,7.240670
-16.930847,2.267442
49.564024,79.551327
-35.558597,-85.549345
25.582434,-56.554339
-1.688849,35.604446
95.551491,15.612143
-79.547743,14.619710
3.932733,63.557699
-19.602000,-82.548932
42.565263,14.670712
-42.580965,17.609884
19.605292,98.548721
-4.210974,-44.560583
80.552015,-89.550505
-57.562604,-51.563459
14.100739,-1.338175
-13.984130,-6.136855
58.561065,-43.569305
-29.605269,-24.549328
30.997590,-14.890447
0.225427,-72.551563
120.547033,-16.605350
-115.547251,-39.567308
0.553756,15.208031
-28.571366,-68.562458
32.042670,-9.485511
-56.561203,27.586135
13.617833,-11.533687
-11.048554,-17.793498
60.557342,-78.551572
-76.553901,-78.552825
6.719103,8.841715
-19.590808,87.550412
43.574316,47.560351
-41.578546,20.585548
20.596171,111.547616
-4.273943,55.572073
82.574514,55.676713
-92.550099,55.559011
2.128432,-81.549787
-23.586394,-33.567628
37.577950,-40.566847
-48.555412,37.588232
16.759339,-9.398705
-6.675333,-83.550224
70.554262,-72.553945
-65.560067,40.563827
9.716520,-14.347306
-14.675829,-22.599870
51.580117,5.726979
-34.560511,-74.555077
25.580753,64.553034
-2.371428,-14.152228
97.548868,59.557239
-102.549287,-24.588662
2.480478,-11.320672
-26.591562,17.548594
34.573904,-106.548307
-51.557410,-84.551061
14.725894,-19.660251
-9.247623,-18.840383
64.556213,29.566650
-70.566729,-18.607967
9.184693,-1.096931
-16.603005,-45.594977
47.594106,4.403205
-38.572447,79.555682
23.611398,-11.812758
-4.392578,15.146488
90.550087,-72.554475
-84.551385,80.552230
3.434379,31.667350
-22.018912,-1.275178
42.060706,-5.216653
-44.578112,-62.555578
20.688347,-2.693084
-4.827423,-97.555615
76.549030,9.682033
-60.559488,-3.175058
10.837802,-20.630101
-14.495749,-1.199075
55.572088,16.678081
-31.571616,-64.555360
28.609185,1.851661
0.015767,-47.571544
109.545967,-5.743261
-108.544518,0.075174
1.611833,-4.268577
-27.624533,-0.636256
32.592594,15.734979
-54.572873,37.565952
13.812920,-16.709670
-9.665256,-42.600115
62.556672,-31.571997
-73.553521,-75.550813
8.293711,5.259698
-18.607213,92.544501
45.581878,17.660978
-39.596212,5.102723
22.732526,-9.762667
-5.160774,11.841700
85.551310,81.552504
-87.550347,-32.577368
2.131230,48.565455
-22.628882,-18.724542
39.562294,-91.551790
-46.577968,-3.128328
17.659916,-24.636304
-6.031528,-26.713122
73.549665,-38.566773
-62.553708,-68.553645
10.206310,-15.669316
-14.673190,-9.967150
53.562323,23.571009
-33.571662,32.593429
27.570422,-81.550270
-0.836573,-26.645372
103.550705,-6.676590
-97.546621,12.626161
2.402370,-44.613720
-24.582684,-62.548780
35.625869,9.108176
-50.561371,36.564386
15.649543,-34.589552
-7.711004,-47.578819
67.555977,-41.563900
-67.550736,-63.555074
9.077180,-17.611154
-15.675761,-23.742802
49.558194,6.783282
-36.559315,1.177614
24.590659,33.580154
-3.457164,14.011977
93.546625,6.696205
-80.549979,54.562826
5.840358,13.951349
-20.528280,25.639183
42.591274,-36.583488
-43.564483,113.547528
19.587262,24.608333
-4.751844,103.549090
79.554516,-63.555986
-58.567379,25.553552
11.709338,-32.582036
-11.651485,-38.598985
57.565826,59.566666
-30.617247,25.600559
29.560156,61.558398
0.007729,64.559255
116.547518,42.565352
-111.547260,-13.614705
0.121532,-49.552837
-28.595650,18.623000
31.567161,79.550788
-54.560166,-108.548585
12.672293,42.545459
-10.815551,25.651383
61.560247,-2.161832
-74.552215,-68.552770
5.730012,-92.548747
-18.889294,-5.719856
44.557468,31.569868
-40.594161,8.872227
21.697754,10.243873
-5.451898,-17.949044
84.551627,9.634971
-89.550357,-70.553341
4.774219,-2.193390
-23.582986,49.582326
37.564886,57.567530
-47.574095,13.615013
16.571336,87.546565
-8.617533,14.025178
71.558030,33.591844
-63.554505,-52.554114
8.718111,34.582052
-14.580167,54.550514
52.576659,-1.536641
-34.576191,80.550490
26.590607,-0.446808
-0.871629,20.032191
100.547682,48.564557
-99.550140,24.574184
1.164014,21.621843
-25.616528,1.117466
34.582248,37.585198
-51.556782,31.592339
14.631350,45.548081
-10.477561,18.458691
66.557389,-91.550538
-69.559483,2.273768
6.767250,72.552594
-16.864555,14.793221
48.561034,-2.418106
-37.582564,58.554501
23.593856,91.549359
-3.366274,-19.304302
91.552440,15.617362
-82.554719,-3.134466
4.223082,-25.568310
-20.604202,-59.565287
41.568198,-113.546892
-43.557376,-55.560586
19.597972,-58.556411
-7.392613,-2.407380
77.551976,23.585430
-59.556068,49.561913
10.773282,23.621635
-12.643144,51.585027
56.561931,38.587184
-31.575650,67.549105
29.571075,-32.590750
-0.741239,0.438346
112.547069,23.586143
-105.548904,-15.601385
0.009004,117.547891
-26.626559,-76.556424
33.647468,-10.520224
-53.570759,8.655861
13.693970,20.629335
-9.709298,23.594900
63.551309,-5.196265
-72.559123,44.561792
5.745947,118.546387
-17.978702,2.939129
46.560329,10.915086
-38.562322,-43.573537
22.596196,106.548791
-2.414571,-32.609074
87.552379,60.559319
-86.551375,35.568902
3.645468,-22.715186
-21.605939,-52.544931
39.555565,33.569198
-45.555515,-39.562733
17.619693,41.561490
-7.396059,12.525685
74.584595,63.806774
-61.561315,-38.575701
9.732506,38.569851
-13.596641,48.567663
54.559212,54.556624
-32.731378,9.034509
28.587557,-106.546786
-1.288295,8.425464
106.548799,9.625814
-94.549376,28.585704
3.314099,9.300349
-24.625347,10.682813
36.586061,-24.603436
-49.561889,-6.686533
15.664654,20.629572
-10.317867,3.223953
68.561000,29.573868
-66.555531,-24.628142
8.035044,20.023741
-15.638134,26.594837
50.577965,3.843243
-35.571827,-4.501495
25.577226,-24.580874
-1.223275,101.550671
96.548328,-41.560479
-78.553063,-66.554929
5.169739,-50.559699
-19.620271,-32.544758
42.572014,82.549055
-41.567866,-93.550048
21.808056,-28.804755
-6.068814,-7.183544
81.549735,-48.559379
-57.552276,30.582103
12.366404,14.886635
-13.599450,19.108682
58.581808,46.617644
-29.630586,0.538915
30.591544,6.969853
0.395488,-16.901421
124.550437,-0.155993
-121.547122,-21.592213
0.342823,-8.404213
-29.590066,17.637515
30.573058,34.586634
-57.557476,102.548382
11.655535,36.594303
-11.624967,38.560913
59.571537,-26.592560
-78.553230,-22.584703
5.289178,-22.775371
-20.266361,-4.817696
43.559270,-72.560854
-41.572166,-69.552294
20.839800,-5.047881
-6.306140,7.363142
81.551615,-3.005232
-93.549620,-43.566673
1.831135,19.884567
-24.595428,29.597483
36.625311,-1.711900
-49.564843,10.674583
15.600865,42.574909
-9.681954,9.988833
68.551384,66.573388
-66.554750,8.686838
7.721937,62.564117
-15.646678,50.582256
50.561449,99.548891
-35.682232,2.714206
25.653603,-3.653753
-1.044866,-88.552521
96.550962,-6.718760
-105.548764,56.558491
0.867755,-54.562899
-26.561299,-31.555022
33.626129,4.954386
-53.560381,56.556163
13.563924,39.576979
-9.657520,92.548613
63.622813,34.668783
-71.564601,-22.596572
6.829708,-41.595085
-17.616437,11.852647
46.563301,82.552239
-38.568988,-5.884365
23.589667,-100.545399
-4.244743,-19.280366
88.549680,-50.563711
-85.554322,-51.559301
5.499816,-4.550174
-21.542604,-29.633630
39.571104,108.547997
-45.584406,-21.576656
17.647690,68.551197
-5.883034,25.665695
75.549253,-29.579296
-61.536302,12.651879
9.696318,70.555824
-12.624600,-113.547842
54.558192,97.549552
-32.576253,37.549595
28.571784,-85.557623
-1.099740,18.062604
107.547011,-19.602741
-111.548050,28.577831
0.897073,-24.790665
-28.560323,34.575967
32.570602,-50.554747
-54.557251,-45.570726
13.632790,-117.546321
-10.645021,45.562376
61.559309,28.577018
-74.552879,-37.570014
5.762245,-56.550716
-20.617796,5.180917
44.565204,115.547507
-40.578214,53.554653
21.618968,43.562078
-5.107642,-11.128030
84.606676,58.597418
-89.554668,-1.199444
4.334540,4.339551
-23.584833,67.554995
38.565566,-115.548022
-47.561356,34.551782
17.605349,-100.548946
-6.878167,31.573605
71.553108,90.550596
-63.534060,1.729924
8.690261,81.556905
-14.628975,99.549000
52.564268,20.577839
-33.548497,-39.585211
26.979395,17.429071
-1.083658,44.558770
101.551193,-22.599652
-98.549030,-46.564838
0.930102,36.577781
-25.601155,14.645048
34.578188,82.553319
-51.562386,97.549211
14.566822,59.566924
-8.745335,40.587652
66.574525,-19.595294
-69.553337,42.561671
7.625273,-88.548931
-16.645768,31.590881
48.572796,41.567781
-37.568752,88.549908
24.677350,-24.579628
-3.593226,-3.559041
92.551316,-46.557737
-81.551186,-73.554061
5.975143,-16.089800
-20.614958,-18.674935
41.574276,-48.572962
-43.549913,-25.558184
20.746806,-30.618847
-7.243301,2.505340
78.032223,61.585457
-58.555577,-80.556105
10.684300,46.594081
-12.631349,74.543667
57.563119,-67.550359
-30.580159,-57.570047
29.999582,-13.129535
-0.313248,6.289708
113.547411,-3.790255
-115.547487,35.568942
0.347372,29.579286
-28.609693,-31.620734
31.586493,9.699099
-56.560188,90.550491
14.432866,-5.366341
-13.165281,-3.248372
60.568062,-7.964829
-76.555481,36.573164
6.782916,14.758221
-18.620064,-90.547513
44.562716,-93.550480
-41.569859,46.553598
21.580779,-65.560800
-3.935712,73.555355
83.552364,-16.584629
-91.551724,-7.704304
2.785462,-34.215004
-23.585876,-15.669775
37.573898,-19.628486
-47.567565,-52.565345
18.781018,-0.269804
-7.988218,-16.768192
70.546292,-6.701117
-64.554525,-47.565734
11.031656,-8.900185
-15.741991,-6.452883
51.558222,39.568169
-34.557611,-33.571028
26.579634,-65.555355
-2.534907,-7.335561
98.549416,64.555785
-101.546778,13.651109
2.332901,-0.604203
-26.574992,72.551534
34.569620,-39.567200
-51.569368,-29.595278
17.059455,-0.641152
-11.112974,-10.084709
65.555149,-74.553740
-70.555843,-0.860293
8.668562,7.873741
-16.628003,-20.628993
47.582589,53.558688
-37.575042,-54.555694
23.725081,-1.061013
-2.478565,45.563880
90.549497,-28.585081
-83.545941,-17.603370
3.388458,49.561451
-21.753251,5.612592
40.589329,17.831833
-44.562640,-1.638717
19.647743,16.628575
-5.083165,-51.570078
76.553950,39.568130
-60.564035,21.598854
12.212053,-9.526527
-13.776531,6.987286
55.562529,70.555201
-31.586042,-16.629174
28.608417,28.606082
-0.119835,-35.567012
109.546987,21.593057
-107.547837,-31.577629
1.441236,2.300868
-27.601573,11.710310
32.573089,90.553996
-54.558120,67.553925
14.645498,-9.551120
-10.630317,-14.270787
62.578692,7.683322
-73.565264,16.608003
8.273330,13.102170
-17.625396,-85.554413
45.583164,45.559511
-39.554871,29.560085
22.676544,1.989140
-4.266875,17.600264
86.551571,-23.624943
-87.550996,75.553199
2.932817,-100.548590
-22.730058,-2.541307
39.562870,-66.552841
-46.573089,40.578401
18.008251,-7.178383
-7.310649,-14.759698
73.555751,3.782767
-62.567364,-24.571686
12.196626,-4.931438
-15.486763,-2.950953
53.554773,68.551593
-32.566989,-82.550444
27.664999,-7.782461
-1.290951,-13.172337
104.548063,-36.567581
-96.549410,-62.555823
1.713618,-26.691142
-24.591080,-45.593943
35.577068,27.604696
-50.560653,66.557883
15.677990,-16.677785
-7.778073,-29.593434
67.557017,5.938534
-67.569895,3.873042
10.182945,-3.347309
-16.866828,-4.546881
49.560114,30.614181
-36.590147,18.591120
24.599906,57.560476
-2.516409,19.192699
94.549716,11.649992
-79.551400,-49.558505
3.891615,35.592977
-20.599574,44.595125
42.672410,-6.423093
-42.560287,-15.718599
19.557585,44.565747
-3.876976,-91.548906
79.555647,9.614729
-58.551926,45.572060
12.073158,-18.756990
-11.792230,-14.919171
58.556570,-100.550034
-30.571034,97.549515
30.555275,-75.552406
0.303296,-97.550322
118.546984,-32.574167
-118.548607,0.071389
0.549492,5.359569
-28.580637,-115.547468
31.600873,-30.598729
-56.566849,-16.618452
12.669066,-57.563450
-10.743333,-34.602711
59.558096,68.552526
-77.559931,-6.996003
7.435041,-2.237239
-19.681489,25.581694
43.585062,-1.521145
-41.597244,-4.254860
20.635515,26.604371
-4.156890,26.643953
82.548992,-42.570640
-92.549843,-38.568425
1.872624,83.550863
-23.588437,-82.559081
36.567403,54.558667
-48.562357,-25.586672
17.200956,-29.787336
-7.648785,74.555079
69.566251,1.705645
-65.580549,-7.636870
8.814682,-36.589124
-14.566828,-49.548563
51.577767,-9.710721
-35.578307,55.562794
25.589086,24.590664
-1.177369,-24.881604
97.549234,-69.554877
-103.547533,19.592767
2.479651,-19.080156
-26.627572,0.796289
33.560999,53.556638
-52.556969,21.570276
14.572288,-79.559257
-8.702948,-40.552341
64.556408,-66.556292
-70.553181,-71.554422
9.225096,-9.233311
-17.620357,75.548543
48.606327,-14.016181
-38.560653,23.586117
23.607195,-32.639122
-4.404988,-2.363692
89.550998,-54.560205
-84.551052,-83.552490
5.218171,10.691507
-21.600081,-7.318894
40.573545,-28.578142
-45.555839,27.590839
18.596724,-20.565959
-6.031185,61.564783
76.554213,-34.573419
-60.562776,-49.560109
10.720994,-64.546626
-12.660345,-15.700438
55.551750,-16.659419
-31.575068,-112.547054
28.613505,-22.571675
-0.750940,91.549058
108.548021,54.561234
-109.548504,16.619619
1.431676,-10.309478
-27.575225,-46.581017
32.559225,-2.303878
-54.554427,-4.851671
13.644422,-32.591919
-9.652564,-118.546004
62.556138,-106.548219
-74.556939,11.659817
7.259138,-15.540035
-18.615528,47.545826
45.583230,-19.677319
-39.578989,-21.593411
22.573861,-56.555625
-5.445801,2.464439
85.555443,-18.600107
-88.551573,0.499026
2.760364,17.823441
-22.612542,-56.558691
38.585222,22.623862
-47.561646,110.548307
17.580320,-46.543283
-5.785108,-40.571018
72.555323,30.578759
-63.550084,50.570318
9.744953,-42.585230
-13.651474,-34.623646
53.557423,-84.549293
-34.105760,12.814091
26.573314,69.559873
-0.458233,121.545479
101.548759,53.559943
-97.548866,-25.581009
0.355743,105.545105
-25.574681,88.557884
35.564049,-41.570644
-50.570594,-41.579416
15.638599,-60.565686
-7.662985,-89.553417
66.554162,82.552477
-68.556946,48.566900
8.035966,-31.631388
-15.584072,-63.553569
49.567274,-61.554183
-36.556755,-24.605754
24.641152,11.029091
-3.422076,5.490796
92.548962,51.561069
-80.553695,-14.590811
6.417349,-1.367233
-20.607698,11.737125
41.548738,25.583173
-43.558696,50.560883
20.101750,1.800678
-4.821020,39.569299
78.943383,57.203376
-58.547232,-11.646766
11.646032,-76.555723
-11.677219,-66.540916
57.569307,-0.167814
-30.564815,8.606516
29.613256,20.667347
-0.061421,20.693764
115.548715,-11.637659
-113.547735,19.600913
0.241628,85.559772
-28.666431,2.138501
31.555544,41.575695
-55.559159,5.862395
12.768706,12.848439
-11.894224,12.278537
61.549312,-50.569003
-75.553986,53.561383
5.387359,44.572948
-18.646149,-22.646146
44.575874,1.462144
-40.561917,-33.553014
21.633231,-11.693020
-3.164933,-37.609593
84.551539,-73.552007
-90.551486,34.569053
4.498130,-10.246074
-23.578555,19.645301
37.609319,20.586904
-47.561872,-4.174619
16.694837,26.617564
-9.313032,1.297701
71.544550,-9.692332
-64.546175,7.784424
9.394800,17.576239
-14.643759,24.605761
52.556927,-56.566729
-34.583386,41.588075
26.640877,-10.157859
-2.195889,13.112454
100.547255,-19.590167
-100.549337,37.567935
2.200400,10.278899
-25.612421,-14.654948
34.586198,-0.441817
-51.557508,-3.431014
14.653196,15.583224
-11.225586,4.210551
65.558603,22.612245
-69.554523,-82.551177
6.829422,41.573179
-17.828785,-2.635060
48.561976,-52.571678
-37.531324,-1.521878
23.564220,27.573640
-1.427029,-48.566345
91.549058,-36.581409
-82.551808,-69.553956
3.905767,-52.562903
-21.568096,83.549630
40.574569,71.556777
-43.563877,-100.548928
19.593796,-116.547484
-6.763686,-12.740928
77.552665,-27.580992
-59.561790,-29.595011
11.295974,13.327711
-12.609795,26.595549
56.559692,-37.561077
-32.042352,10.383255
28.578721,121.547069
-0.182834,-12.258791
112.547602,-48.561960
-106.547386,28.584452
0.836898,30.673105
-27.590415,79.547949
33.551186,-62.558308
-53.554283,-51.574288
15.845985,6.650846
-11.896992,5.306454
63.563633,-49.562549
-72.567829,-4.040822
5.752709,35.569024
-17.814141,-9.044793
46.564288,-47.562036
-38.581418,-85.549597
22.574314,33.574626
-2.904557,114.548492
87.552458,16.613293
-86.549960,7.685468
3.419728,-41.602023
-22.624789,43.579465
39.618918,-0.061741
-45.580357,-67.556723
17.982318,7.084141
-8.295282,6.182545
74.545957,-25.571582
-62.556842,103.548862
10.466690,9.341776
-14.374184,15.040607
54.574032,4.059457
-32.606996,-5.871643
27.586401,34.580801
-1.634838,3.399590
105.548661,-60.557806
-95.547952,-9.621249
3.444084,-2.483136
-24.765433,-3.594904
36.562925,-58.566055
-49.555294,-35.561932
17.866293,6.079414
-10.194000,-8.155645
68.546708,-29.592073
-66.555365,-95.549576
9.482253,11.442157
-15.662561,10.112633
50.565518,-64.553053
-35.580647,-59.566241
25.581778,-39.535195
-1.248140,51.564509
95.550170,47.566353
-79.554799,40.556365
3.758514,87.552385
-19.556535,-62.547698
42.569073,36.579162
-42.572460,56.567878
20.589454,-89.549943
-4.523917,-25.563532
80.559720,-14.569614
-57.569405,-3.926623
14.046477,5.091155
-13.239401,2.220973
58.552456,-6.833405
-29.575916,-16.619889
30.590502,-6.860079
0.469650,-32.691559
122.546688,-8.670312
-120.546668,22.589644
0.350766,-1.515060
-29.594571,62.557586
30.579902,117.547374
-56.555865,-54.579936
11.680049,73.552623
-10.648326,-73.551356
59.545781,-0.056406
-78.552799,60.555514
7.282115,-12.038681
-20.320438,3.536561
43.552270,-53.552029
-41.578363,-41.563958
20.986480,4.502234
-5.253618,16.980956
81.548046,32.568040
-93.548729,8.675067
1.450765,43.582542
-24.573089,85.548836
36.593832,7.309439
-49.573165,42.555206
16.592546,-106.547582
-7.801590,24.648363
69.550544,-50.565717
-66.557795,50.568633
8.659321,-121.547315
-15.625317,106.547873
51.568367,-50.566483
-35.572254,24.609890
26.058847,5.371243
-1.217048,-57.552940
96.552900,8.679204
-103.548431,-34.569494
2.061948,-23.335447
-26.598832,-12.651220
33.562679,27.582490
-52.567682,-0.846060
13.626415,107.547673
-8.725946,-80.599689
63.561492,54.563731
-71.552729,52.563253
7.979978,-17.148401
-17.614503,29.588735
47.572410,-34.577394
-38.560548,8.738450
23.597728,-64.547959
-4.259093,-9.312643
88.548558,13.589262
-85.550640,-0.010426
5.403559,4.289441
-22.033202,-21.828380
40.570157,-45.566757
-45.563606,2.165888
17.583439,90.554841
-5.980581,36.568712
76.550436,-63.556615
-61.555270,61.555115
9.650038,112.547706
-12.626772,-42.582406
55.557998,-48.558993
-32.589711,70.554763
28.597571,-45.580233
-0.477464,33.580892
107.547874,51.558495
-110.548460,-6.657161
1.126060,-19.102816
-27.580836,-107.548717
32.551481,-18.689036
-54.543935,-19.561843
13.637371,-43.551580
-10.640043,76.558207
61.552799,62.559807
-74.560517,-6.869293
5.966867,-30.673081
-18.628842,14.582781
45.565725,-60.559177
-39.570219,-45.558023
21.611934,78.544577
-5.559937,-2.540628
85.551574,-46.559679
-89.555802,19.608399
4.163136,10.151125
-23.589659,117.547140
38.585133,-22.629638
-47.566801,70.557893
17.649268,-74.544654
-5.751359,-103.549794
72.552010,-42.571020
-63.564222,27.577840
9.656918,-60.578494
-13.604926,-72.544581
52.552942,51.564006
-33.627983,-17.615778
26.595904,32.570740
-1.138197,71.552620
101.549577,6.660325
-97.548948,-52.559925
0.557076,72.554565
-25.594324,44.557616
35.587315,-72.556341
-50.560485,-95.548473
14.619100,111.547732
-8.639540,65.549270
66.565978,18.601578
-68.562651,-0.036961
7.861398,-48.687835
-15.617026,-97.548956
48.564850,73.560293
-36.564835,-88.555710
24.647721,-7.836888
-3.610930,1.514628
92.548398,20.572995
-81.559204,2.920045
6.418128,-10.415775
-20.683179,-8.709644
41.562359,-0.183270
-43.569007,6.949167
19.661643,-13.699995
-6.507673,14.020764
78.552295,-30.584785
-58.554509,-38.551589
10.682143,67.546918
-11.644875,-105.549291
57.564100,-15.624081
-30.680520,-21.684430
29.607191,8.738847
-0.619329,13.930454
114.547547,-28.584079
-114.547916,9.655850
-0.042316,46.575656
-28.627090,-10.768409
31.592853,24.596987
-55.562854,-35.572096
14.498911,3.805268
-12.760288,4.029294
60.651809,35.745344
-75.554470,-62.559249
5.422370,25.657215
-18.567425,-40.573119
44.603427,-22.662934
-41.570749,95.549654
21.637499,-34.628988
-3.083733,-66.558015
83.552202,51.586009
-90.552465,-30.567880
4.262125,-16.659571
-23.738554,3.615131
37.587058,-0.476510
-47.572387,-31.599090
16.740225,15.726977
-9.488627,-5.329562
70.556538,49.563123
-64.540325,-20.587867
11.175623,-0.393947
-15.147837,6.813526
52.559124,-106.547960
-34.629892,-9.676471
26.618450,-30.590355
-2.557686,1.237879
99.549419,35.570224
-101.548920,70.554199
2.457908,4.370305
-25.611805,-71.543719
34.586787,-18.668268
-51.585859,-17.626723
15.506202,8.222720
-11.313598,-2.225395
65.555707,0.584628
-70.557248,46.566089
7.693674,17.717936
-16.945611,-9.576113
47.562519,107.547711
-37.564809,-34.552919
23.637079,6.188242
-1.309372,-95.549645
90.550471,26.571400
-83.554144,43.558605
2.840449,120.547703
-21.607324,41.543231
40.555331,48.553272
-44.564770,20.613076
18.581563,35.569374
-5.173988,-23.601140
77.552479,-93.550074
-60.558355,74.554877
13.044457,-0.465549
-13.737331,15.231939
56.555673,-91.551290
-31.543335,-4.213487
28.554076,73.560018
-0.307150,-18.550387
110.547983,28.579525
-106.546019,4.733488
1.378529,13.018469
-27.600530,47.583814
33.569202,-90.545633
-53.559673,-104.548344
15.960899,-0.297754
-12.203365,-6.049708
62.580844,40.821644
-73.552776,81.552194
5.898485,22.638908
-17.679014,-29.584871
46.561831,-112.548054
-39.573249,73.547468
22.941316,13.084291
-4.046267,30.613420
86.549674,27.584874
-86.554228,-27.585576
2.857296,-61.555914
-22.630054,12.652178
39.583888,-37.585416
-46.563296,106.547502
18.755967,-2.368745
-8.417544,-6.203779
73.554341,70.555590
-62.554737,40.558522
11.788407,3.175781
-14.518783,3.201404
54.549559,-39.565694
-32.570595,-29.609552
27.611607,9.786106
-1.444054,-3.318416
104.549866,12.642581
-96.548979,52.562046
3.312125,-10.230841
-24.621676,-22.585775
35.565504,66.559156
-49.563583,-69.548909
17.651606,1.369594
-9.392661,-12.931345
67.555122,96.548801
-67.551304,45.559238
10.243571,6.109692
-16.717019,0.591313
49.566459,66.561672
-35.571815,-112.548095
25.568895,-58.564546
-2.845184,29.287348
95.545458,-2.268525
-79.551764,9.776916
4.186560,57.559449
-19.597548,-95.547720
42.567481,12.583911
-42.571711,12.758869
19.615978,93.550692
-4.101586,-48.577926
79.552753,66.558336
-57.557738,-102.549359
13.885321,-4.079789
-13.752147,-8.912626
58.562038,-47.561523
-29.584484,-29.545809
30.580432,-42.570297
0.136089,-75.555722
119.547931,-25.589718
-116.546388,26.577590
0.528073,14.055277
-28.571563,-88.552029
31.576426,-21.587239
-56.547735,16.649458
12.698353,-21.618839
-10.792612,-19.671892
59.557433,108.548015
-77.551902,86.550413
7.274607,5.308303
-19.635575,49.578891
43.580114,41.566330
-41.594040,15.617603
20.579694,60.557959
-3.824507,51.564287
82.555253,19.603307
-92.551518,23.578721
2.210502,-90.548961
-23.594522,-35.569429
37.579427,-76.554966
-48.579762,22.600452
16.774104,-10.915635
-6.755061,-94.552353
69.555129,79.551942
-65.559010,32.554994
10.207766,-16.787679
-14.637990,-29.538400
51.557165,2.324761
-34.571687,-102.548333
25.601211,60.559848
-2.237399,-16.913652
97.545896,-12.627636
-102.547242,-28.585692
2.566046,-12.336378
-26.583442,16.670529
34.573012,-111.547536
-52.561801,93.550442
14.716422,-21.649881
-8.978020,-19.656906
64.562363,-3.829421
-70.554253,-40.574459
9.190212,-2.334568
-16.617236,-54.568537
47.557533,2.005883
-38.563422,51.560352
23.615645,-12.572002
-4.209385,11.132465
89.550950,69.554494
-84.551259,69.554598
3.299879,28.927829
-22.022406,-3.110433
41.759996,-9.041903
-45.568392,93.549418
19.064933,-6.167863
-4.733336,-118.547493
76.561340,5.936920
-60.566096,-10.619067
10.779434,-22.603641
-14.530364,-4.411959
55.569721,13.638987
-31.592452,-67.563293
28.704286,-0.019468
-0.035757,-69.557301
109.548618,-16.606166
-108.546924,-9.677486
1.339593,-5.453445
-27.651078,-5.648128
32.721845,8.845307
-54.550911,27.569543
13.787894,-23.735126
-9.586811,-58.544199
62.557934,-42.563011
-74.553437,90.550152
8.094298,3.269168
-18.618698,78.562102
45.582996,-1.263416
-39.577145,2.582941
22.600786,-13.685626
-5.226307,8.277288
85.551079,69.554436
-87.550568,-57.557208
2.452890,32.610254
-22.572375,-21.711776
38.561734,83.549432
-46.570883,-27.602417
18.075829,-27.775784
-6.100893,-27.530674
73.553274,-68.554290
-62.556647,-77.549678
9.875027,-28.576988
-14.022256,-12.998448
53.544541,0.008529
-33.554928,29.573979
27.578740,-109.548981
-0.886135,-28.618983
103.549837,-40.563150
-97.549957,9.659447
1.412933,-46.560360
-24.598128,-73.556182
35.654019,6.060395
-50.568097,26.583177
15.660871,-40.588379
-7.733839,-50.571415
67.554833,-58.559315
-67.554623,-67.555776
7.840803,-22.707074
-15.734372,-26.628454
49.592993,-17.363533
-36.563255,-0.393884
24.579324,30.593945
-3.467833,13.113935
93.550353,-7.701858
-80.566885,23.718888
6.200001,12.711716
-20.639386,20.741149
42.552961,-77.554632
-43.565193,99.549649
19.707344,10.936330
-4.751249,96.548159
79.552913,-68.553762
-58.585554,15.601184
11.659424,-35.607875
-11.647177,-41.548712
57.559810,50.558816
-30.566673,19.651823
29.562685,53.555976
-0.006278,52.557370
116.547493,22.585770
-111.547859,-27.582402
0.645910,-56.556550
-28.594671,16.635084
31.571068,74.556181
-55.555009,71.554549
12.713215,29.631533
-11.230338,22.706806
61.555512,-17.595764
-74.553482,-96.549625
5.739321,-103.548847
-18.772218,-7.353617
44.577608,15.666532
-40.596090,1.126405
21.794602,9.010377
-5.054422,-19.609913
84.552267,5.785842
-89.550890,-76.553310
4.520988,-3.446723
-23.597508,35.533147
37.577319,46.547481
-47.565762,9.736386
16.614428,57.567314
-8.345642,11.990204
71.556128,17.622635
-63.558426,-80.554259
8.669161,33.605085
-14.588809,37.561102
52.573215,-13.713507
-34.567393,73.560455
26.527828,-2.703422
-1.399571,19.314986
100.549475,44.563679
-99.550962,2.309402
1.883205,17.241065
-25.658807,-1.820569
34.595172,24.617498
-51.551378,23.596793
14.646716,28.610974
-10.033268,16.286523
65.555791,88.550639
-69.545182,-5.952904
6.757777,68.555539
-16.697298,12.674688
48.578645,-5.564106
-37.560266,49.558403
23.591368,74.553650
-2.302815,-22.151536
91.550424,0.018335
-82.552571,-5.902752
4.841600,-31.676240
-20.595949,-99.549796
40.566270,113.547806
-43.561008,-66.551730
19.636153,-61.571215
-7.371712,-3.489993
77.561915,1.350765
-59.565908,29.594204
10.882819,17.859108
-12.639723,46.562964
56.562174,23.635894
-31.550577,54.555872
29.546513,-35.587014
-0.494721,-2.420838
112.547388,16.613327
-105.548809,-53.561249
0.179686,113.546315
-27.581358,121.546955
33.607448,-17.010307
-53.557031,1.762105
13.781229,16.590599
-9.757846,20.714907
63.570653,-14.618260
-72.556971,39.566081
5.728654,75.558780
-18.663836,0.950196
46.548953,7.703755
-38.571027,-57.553973
22.588656,101.549536
-2.590162,-34.578929
87.552033,55.556828
-86.549962,29.576760
3.617694,-28.654734
-21.612681,-63.557411
39.580605,12.695314
-45.555171,-42.561782
17.613598,32.574660
-7.776461,10.919672
74.558317,45.563681
-61.665549,-58.722802
9.694214,30.586619
-13.720032,41.534912
54.587224,40.624349
-32.867871,6.859647
27.565213,82.552941
-1.465737,7.488148
106.544682,0.330827
-94.550899,-4.026626
3.386369,7.443289
-24.633528,9.845078
36.568384,-26.668828
-49.562138,-8.727001
16.131312,14.993268
-10.177752,-1.089558
68.563139,21.577720
-66.559317,-44.562970
8.742726,18.188145
-15.635088,22.630460
50.559791,-3.642889
-35.623449,-6.939346
26.389050,-26.718395
-1.243950,94.551334
96.548259,-48.561978
-79.552649,94.549721
5.002599,-60.556909
-19.569721,-35.534282
42.569049,69.551453
-41.565173,-114.548035
21.162545,-31.677244
-6.178735,-8.426876
80.552632,91.550226
-57.563219,21.585495
12.530477,10.975525
-13.330172,15.896608
58.562502,30.573928
-29.572981,-0.524489
30.926349,5.666635
-0.004502,-21.981352
123.546923,6.748952
-120.546939,10.644048
0.448333,-4.447375
-29.603184,40.575038
30.586051,65.556496
-56.664166,-63.576495
11.622243,50.550270
-11.628244,107.548979
59.551086,-19.573578
-78.550149,19.585132
6.725968,-17.358065
-20.003376,-0.647637
43.562075,-62.562403
-41.584336,-59.551616
21.398564,-1.593360
-6.031266,10.993145
81.549866,16.595434
-93.550572,0.960659
1.769588,33.563468
-24.612413,41.576356
36.574645,2.209033
-49.576858,18.635950
15.593490,77.549120
-9.717637,16.882921
69.554476,-95.549808
-66.551015,19.597301
7.715602,88.555364
-15.605923,72.552034
51.559386,-77.552148
-35.741289,9.984480
25.723533,-0.910532
-1.321562,-74.554949
96.550503,1.614229
-104.548898,60.557043
2.084203,-36.434414
-26.607538,-19.600939
33.599588,17.773603
-52.569911,-57.549236
13.629956,81.555948
-8.653466,-108.548525
63.616138,45.368584
-71.549519,5.763304
7.195191,-20.683747
-17.662095,21.629021
47.574471,-58.552042
-38.587484,-3.275907
23.591424,-85.550602
-4.125020,-14.762651
88.542519,-6.693899
-85.549090,-14.632151
5.426878,-0.543096
-21.579868,-24.597245
40.566094,-96.549565
-45.543664,-14.591189
17.622445,79.556475
-5.868347,29.555724
75.549512,-4.804988
-61.547729,35.579497
9.659960,97.550822
-12.662643,-68.567135
55.563126,-57.557399
-32.566845,43.578953
28.579660,-54.564192
-1.053955,27.357323
107.546491,18.589370
-110.548110,-23.587259
1.162823,-21.348301
-28.595195,51.568386
32.553540,-40.568518
-54.555869,-28.588640
13.599396,-62.558120
-10.684749,55.554803
61.553235,52.562581
-74.548106,-16.625351
6.179726,-36.594879
-18.671026,9.862002
45.570660,-76.552117
-39.553927,-65.559445
21.586241,58.551764
-5.307593,-4.470343
85.550628,-80.552448
-89.554205,6.681520
4.335309,6.385554
-23.579842,98.551900
38.567765,-43.576689
-47.553206,59.562744
17.618231,-87.548005
-6.696294,100.548992
72.553319,-61.556541
-63.559784,15.639001
9.639587,-99.550311
-13.613408,-101.547422
52.560908,32.574817
-33.619309,-27.539336
26.579258,28.576253
-0.515737,61.557437
101.550491,-2.974696
-98.549085,19.606007
0.743376,62.559574
-25.582343,25.589510
35.569705,-97.550642
-51.561544,112.547856
14.631658,71.559982
-8.606533,45.575349
66.570323,-5.762334
-68.555417,-51.560055
7.725695,-64.552805
-16.606278,65.556452
48.553081,64.549523
-37.569441,103.548402
24.582604,-17.619850
-3.213889,-1.425178
92.552535,-15.566183
-81.552329,-20.597982
5.996951,-13.785551
-20.590064,-13.721217
41.565175,-24.572807
-43.585890,-8.784154
19.658073,-22.674247
-7.117529,6.402587
78.554129,-76.553198
-58.602237,-65.575343
10.674732,57.577190
-12.620523,113.547729
57.549854,-26.569682
-30.567399,-36.604479
29.581903,-4.073781
-0.451084,10.328209
114.547360,-41.567628
-114.547049,-17.601218
0.206517,34.544007
-28.577192,-15.626919
31.603282,13.621612
-55.560866,-84.551137
14.626267,-3.098541
-12.895490,-1.122323
60.554733,12.709894
-75.552226,-84.551462
6.377013,16.686638
-18.583232,-65.562004
44.564759,-43.563252
-41.576671,76.553339
21.647073,-52.561946
-2.853235,-102.547148
83.552281,25.582421
-91.547183,26.584041
3.979880,-19.277708
-23.565254,-7.071455
37.826423,-10.175230
-47.571153,-45.561439
18.561580,5.796096
-8.476716,-12.855970
70.558022,39.569707
-64.569438,-36.578175
11.034602,-5.347508
-15.766745,3.948043
51.554834,56.555517
-34.589236,-14.730063
26.583258,-43.568230
-2.524569,-3.681243
99.552550,-28.579996
-101.548733,54.559934
2.667991,1.569015
-26.590176,97.547437
34.602594,-30.561534
-51.559549,-24.587603
16.894583,2.395688
-11.305179,-7.147849
65.558480,-32.565588
-70.552326,19.611918
8.816132,15.664972
-16.776105,-13.405621
47.561477,95.548995
-37.548497,-47.554669
23.927676,3.020214
-2.592669,62.557137
90.555988,-5.672501
-83.549673,13.662515
2.986962,105.547348
-21.567141,17.639837
40.568035,36.572508
-44.602812,5.018182
18.603346,22.588690
-4.884930,-31.593446
76.552665,90.549743
-60.559811,43.567192
12.788754,-6.016093
-13.237997,11.200940
55.559017,103.548336
-31.571251,-11.666316
28.613994,48.565950
-0.362163,-20.809334
110.549857,0.903036
-106.548609,-27.577046
1.372432,7.337346
-27.602450,29.633595
32.578545,110.584902
-54.556995,79.552478
16.042701,-3.062297
-11.769688,-11.038653
62.550411,16.587633
-73.555217,49.560641
6.178125,18.881656
-17.585233,-48.545275
45.554927,72.555553
-39.561359,55.566292
22.544249,8.749828
-3.701719,20.027033
86.555153,-0.205208
-86.550458,-73.553506
3.099887,-69.558647
-22.702436,7.250954
39.572620,-57.555511
-46.561227,56.562642
18.515115,-4.353830
-8.459351,-8.445628
73.552089,27.562213
-62.561230,-3.960504
12.129078,0.430816
-15.876554,1.072538
54.550847,-60.561825
-32.568727,-51.557597
27.549021,0.760158
-1.429448,-10.399461
104.550062,-10.633199
-96.549134,33.572298
3.241159,-17.692932
-24.647295,-37.566950
35.574455,51.552060
-50.560913,101.549572
16.628563,-5.384859
-7.736960,-23.551357
67.769169,41.604493
-67.542424,14.702067
10.167261,1.140773
-17.126561,-1.374650
49.610339,47.632727
-36.566426,32.591372
25.593672,-74.549423
-2.083528,23.738802
95.549284,-53.559399
-79.552649,-30.567432
3.888765,43.574253
-20.571620,64.569617
42.648262,3.156902
-42.571508,3.490607
19.614294,71.557818
-3.975738,-81.544690
79.553346,49.578101
-58.560404,71.554014
12.919767,-13.713371
-12.840344,-11.583622
58.557398,-85.550851
-29.613247,-44.572219
30.581973,-59.568887
0.487619,-83.554532
118.546487,8.661509
-117.547019,-12.614224
0.525344,10.328749
-28.590789,-99.547921
31.589613,-25.600384
-56.563028,2.015873
12.745108,-50.577005
-10.741099,-25.637262
59.558021,89.550367
-77.552228,24.680640
7.342380,0.520284
-19.680433,34.587904
43.561581,19.582163
-41.565933,-0.002670
20.619016,41.550287
-4.012413,37.579528
82.548318,2.911338
-92.549769,-25.586808
1.290976,100.551222
-23.576506,-76.556771
36.890759,100.720469
-48.547457,-11.793431
16.692977,-14.666805
-7.688274,110.547077
69.649215,62.555061
-65.566952,2.051996
8.853543,-21.707622
-14.520112,-37.561239
51.565133,-0.404646
-35.569501,92.548436
25.570453,36.565033
-2.123455,-19.223527
97.549712,-44.567067
-102.547986,-51.559318
2.323619,-15.086310
-27.430587,4.902775
33.577687,86.551256
-52.555941,38.590334
14.624046,-38.545094
-8.977014,-28.596119
64.562160,-21.627798
-70.552639,-57.555030
9.211007,-6.257758
-16.628475,-102.549763
47.580078,-7.952138
-38.565588,33.593821
24.207648,-26.708623
-4.484288,0.609957
89.550688,5.683143
-84.549529,10.638065
3.947180,16.380328
-21.651888,-5.739133
41.252467,-15.168974
-45.553156,53.564699
18.631282,-12.653101
-5.805172,87.550388
76.560170,-9.852469
-60.551364,-34.574206
10.725288,-47.611379
-13.767441,-11.354006
55.536809,-8.796318
-31.573311,-86.551050
28.585508,-3.529141
0.021286,111.547613
109.548070,-33.569369
-108.547629,-49.561460
1.719561,-7.493504
-27.580643,-35.584357
32.712652,3.507628
-54.557351,3.231342
13.790646,-29.597750
-9.642365,-98.549992
62.559224,-70.552278
-74.555469,33.571748
8.179985,-10.221147
-18.623912,58.552136
46.526730,-11.968749
-39.564527,-13.683973
22.644194,-36.654842
-5.301923,5.351267
85.555250,2.064462
-88.550547,49.561710
2.647537,25.465584
-22.546484,-32.534292
38.565004,36.590893
-46.562698,-90.551364
17.977404,-33.584031
-5.852577,-35.577727
73.268430,60.176552
-62.557442,-99.549189
9.688404,-34.576519
-13.686714,-16.624387
53.571941,-24.586415
-33.579674,21.600235
26.594877,100.550288
-0.495050,-33.596107
102.546767,-16.606937
-97.546533,0.356616
1.156305,-51.557340
-24.586104,-116.547384
36.634881,-7.164314
-50.577208,-14.585247
15.599054,-53.571598
-7.736739,-69.568763
67.555303,-68.559217
-68.554893,91.550010
7.971809,-26.619301
-15.611246,-43.561700
49.566788,-40.557031
-36.617119,-13.658671
24.736508,19.751061
-3.322753,7.467519
93.549675,-58.557097
-80.935349,0.669760
6.416273,3.376227
-20.640617,15.599757
41.574952,34.582790
-43.572246,80.549213
20.863098,6.003501
-4.981603,45.544450
78.552206,84.551391
-58.567793,-6.710760
11.666189,-53.556385
-11.589768,-56.544593
57.574019,7.745666
-31.163679,13.139489
29.572708,32.552476
-0.595599,40.594021
116.548159,-0.667880
-111.548068,-52.560866
0.659628,-63.559612
-28.622932,12.609425
31.565174,56.553358
-55.563015,19.586140
12.598518,22.586821
-12.614495,17.318052
61.565943,-22.637006
-75.553338,73.554861
4.773171,99.545982
-18.630747,-16.629657
44.578240,5.963356
-40.577509,-23.576865
22.270236,1.013336
-3.534160,-27.663975
84.552007,-50.560047
-90.550160,64.555884
4.607697,-7.305042
-23.581932,26.582095
37.562493,29.595100
-47.544267,0.642705
16.565778,30.579022
-9.100611,3.950310
71.553405,6.679986
-64.557539,58.557183
8.740922,25.598589
-14.623907,31.585923
52.565589,-20.636019
-34.565033,53.545607
26.691907,-7.046688
-2.279700,16.229351
100.546299,-0.070348
-99.547563,-16.632776
2.127555,14.561158
-25.656584,-7.895787
34.574769,11.719292
-51.561009,12.716886
14.648136,21.606329
-10.700988,10.725500
65.572131,58.563989
-69.561304,-25.610441
6.709677,60.540777
-17.576118,3.768237
48.567044,-31.587223
-37.616189,3.266083
23.570444,54.549143
-2.024817,-26.589289
91.550161,-10.699308
-82.551807,-56.559437
4.432043,-44.574419
-21.588088,108.546250
40.572966,85.554617
-43.574294,-81.551402
19.607616,-93.545246
-7.262274,-8.422776
77.565462,-6.750676
-59.557362,-17.590801
11.114413,15.561591
-12.624041,32.566965
56.599042,4.815979
-31.583360,34.580332
29.594609,-66.556749
-0.486690,-5.651682
112.546093,-8.677506
-106.548338,37.568683
0.072692,48.556842
-27.581522,106.549512
33.600243,-26.686962
-53.566957,-22.574671
14.269366,8.949213
-11.594743,8.977177
63.558289,-38.572323
-72.551002,27.573486
5.917576,47.567697
-18.478200,-1.377993
47.245135,-16.836373
-38.561746,-73.552445
22.561337,46.564761
-2.498674,-53.565627
87.551290,43.566930
-86.548753,21.622400
4.887283,-35.342988
-22.665824,77.556383
39.652165,4.101426
-45.554420,-51.561114
19.073611,13.226174
-8.255134,9.061513
74.551185,0.853453
-61.559689,-89.550354
10.652262,13.945203
-13.769353,21.616311
54.572542,11.594420
-32.562236,0.283090
27.582287,66.556049
-1.678637,5.468719
105.547769,33.571007
-95.549796,64.555889
3.674239,-0.366390
-24.734402,0.040542
36.563641,-53.553874
-49.548613,-19.613475
16.117828,11.781814
-10.465538,-3.487506
68.569203,3.879119
-66.552865,-86.549595
10.166580,15.184648
-15.709417,12.010368
50.559146,-24.575494
-35.563634,-29.574571
25.626366,-33.594096
-1.329625,64.555088
95.549821,72.553984
-79.552545,69.554317
4.737025,-96.550301
-19.608419,-45.559343
42.570292,49.563763
-42.560883,91.548575
20.625420,-49.563043
-5.812313,-15.142176
80.556663,27.589104
-57.583592,4.967983
12.273842,7.659154
-12.810859,9.582873
58.559724,14.819919
-29.587127,-5.195775
30.569016,0.859195
0.290717,-27.679785
122.544348,-0.397784
-119.547680,28.582895
0.501787,0.586822
-29.602955,73.561370
31.590476,-57.555474
-56.557877,-29.598057
11.642403,90.548875
-10.771641,-49.579866
59.561735,18.626786
-78.552759,76.553297
7.462451,-7.168535
-19.548754,12.659649
43.564490,-29.603766
-41.588345,-29.612445
20.810301,17.964667
-5.003347,19.714870
81.553602,45.563744
-92.549475,-64.557266
1.313260,55.561560
-23.586591,-111.547043
36.571968,32.568995
-48.562967,-104.547653
16.610331,-64.552882
-7.961883,38.545878
69.560234,-27.556372
-66.554652,97.549207
8.694055,-95.548121
-14.619130,-119.547038
51.555788,-37.574404
-35.584281,36.549432
25.620518,8.890887
-0.792528,-50.549580
96.551571,22.600881
-103.547809,-9.639563
2.449189,-21.316129
-26.563929,-3.960908
33.585133,40.560337
-52.555356,10.654285
14.584358,-95.547901
-8.680622,-62.571733
63.556709,102.549005
-71.553310,87.550173
8.632364,-12.615395
-17.596537,37.528385
47.554794,-25.585942
-38.569955,15.645301
23.600462,-43.559396
-4.303694,-6.437239
88.550975,38.564499
-85.550114,39.569825
5.423581,8.267465
-21.600205,-10.807510
40.563182,-34.570117
-45.540213,15.573513
18.599107,-66.559607
-5.783270,47.559873
76.552418,-47.557103
-61.558338,98.548972
10.652805,-86.548815
-12.745456,-23.678223
55.553773,-28.580172
-32.575306,106.548438
28.651902,-27.759091
-0.183676,57.558785
108.548523,-11.631462
-110.548447,32.576207
1.216333,-14.222989
-27.600581,-63.551971
33.258028,-12.586952
-54.559784,-11.868669
13.682680,-35.624964
-10.615972,103.548507
61.556797,85.550604
-74.553977,0.908513
6.056420,-21.679434
-18.579786,41.554193
45.556764,-51.553285
-39.552815,-30.590755
21.614242,85.549804
-5.636035,-0.440863
85.549589,-36.572129
-88.550472,-45.565899
3.997195,13.417259
-22.601830,-68.565808
38.931550,-3.853006
-47.564068,87.549541
17.616068,-51.563790
-5.684688,-67.566863
72.550442,-3.957216
-63.558477,35.585911
9.694233,-51.710000
-13.663600,-45.593664
52.560172,106.547917
-33.591138,2.066494
26.612778,42.566766
-0.722656,106.547655
101.546643,14.635902
-97.549185,-37.569948
1.016326,80.549904
-25.575156,51.577296
35.589487,-61.552392
-50.549896,-59.557953
15.627873,-83.544947
-8.720222,81.560395
66.607669,47.586562
-68.554871,24.551436
7.897981,-38.601288
-15.629374,-79.553891
49.564650,-86.547330
-36.556536,-41.559355
24.710984,0.828394
-3.520278,3.588177
92.550415,34.576969
-81.551282,45.569940
6.072796,-8.283757
-20.843307,6.166968
41.615876,5.481258
-43.570362,33.563856
19.831565,-7.244100
-5.775189,22.671395
78.557705,-3.109128
-58.552425,-27.566383
10.645213,124.547008
-11.629850,-91.549510
57.559511,-3.977614
-30.588565,0.193335
29.596016,12.796137
-0.226716,16.877490
114.547732,26.585039
-114.547333,39.568492
-0.012756,60.559346
-28.582117,-2.592690
31.582639,32.586636
-55.554182,-2.028325
13.197772,8.567470
-12.675019,8.256401
61.553145,-65.555968
-76.031477,-0.004598
4.959607,33.600959
-18.577733,-25.582951
44.706524,-8.333520
-40.558042,-51.561794
21.772878,-23.835789
-3.217390,-43.575938
83.550894,72.554093
-90.551305,-4.010371
4.169890,-13.002513
-23.536698,6.894390
37.596909,14.648634
-47.544595,-8.755853
16.616101,20.624308
-9.125001,-3.062929
71.556339,-48.553615
-64.553736,-13.631304
11.247987,5.362499
-16.075887,17.610023
52.559362,-80.554574
-35.328913,5.046164
26.624403,-18.720689
-2.427479,8.470360
100.548572,-54.558408
-100.554002,-13.618648
2.427533,6.350582
-25.614820,-33.588508
35.349380,-13.431265
-51.578213,-9.665499
14.847825,10.883921
-11.117435,0.496290
65.563782,11.649590
-70.554681,98.549313
6.902957,31.592363
-17.166525,-6.852466
48.560191,-89.553340
-37.538151,-16.578718
24.428261,14.449609
-2.219092,-69.559165
90.549940,74.552719
-83.551217,75.552795
3.812225,-115.547754
-21.594817,55.574973
40.574593,57.567700
-44.554992,39.573232
18.586589,52.555711
-6.381848,-17.308587
77.556218,-51.562006
-59.554252,-70.551282
12.624674,5.763461
-12.951768,20.573333
56.556778,-63.559850
-31.627134,4.176178
28.674971,107.548898
-0.303922,-15.136062
111.547921,33.571852
-106.546841,14.634287
0.129164,25.153682
-27.565641,63.566720
33.585602,-75.551738
-53.559705,-79.552396
15.640885,3.229529
-12.067248,1.332564
62.557556,97.550190
-72.548789,-30.566965
6.242503,27.578264
-17.658029,-15.761252
46.564612,-80.553700
-38.568510,-109.547663
22.605246,24.604775
-3.218444,77.552759
87.545154,-9.693562
-86.550647,-5.029423
3.211530,-54.566510
-22.582588,23.568508
39.589559,-20.615217
-45.564226,-96.548600
19.282688,2.485676
-8.426468,-1.207614
73.553609,99.548986
-62.556643,69.555115
12.015894,6.869129
-14.134588,10.136454
54.557401,-1.639362
-32.574415,-10.674044
27.615012,22.614918
-1.280692,-0.542107
104.547533,39.566935
-96.549493,71.554115
3.388152,-6.442893
-24.602534,-9.725771
35.583057,91.551564
-49.569935,-54.566081
17.003371,3.936935
-9.534392,-10.230093
68.558269,-65.555297
-67.555059,64.555884
9.394197,8.611911
-16.071172,7.379444
49.560393,90.550276
-35.552593,-70.552591
25.574427,-53.541386
-1.736137,38.562885
95.550092,26.584162
-79.553545,28.587051
3.853866,69.557005
-19.601883,-77.564991
42.575035,23.582201
-42.557870,26.613360
19.602123,122.546565
-3.956421,-40.583552
80.554396,-33.585588
-57.562976,-47.566135
13.978239,1.156568
-14.013938,-3.143207
58.572856,-39.566006
-29.559398,-20.602569
30.913411,-11.388564
0.092035,-66.557140
121.546847,12.623455
-115.547374,-21.596211
0.606517,16.085365
-28.576350,-60.555915
31.803456,-7.996899
-56.546397,33.582971
13.660955,-9.817236
-10.947618,-16.127566
60.552782,-72.558032
-76.555187,-32.571847
6.920248,9.964755
-19.598149,101.548953
43.568868,52.561804
-41.572162,22.592687
21.587378,-111.547383
-4.165341,59.545788
83.550800,-76.553815
-92.549506,59.558732
2.540471,-75.561183
-23.605115,-24.626304
37.570546,-37.571555
-48.571206,53.558877
17.043135,-8.352540
-6.692693,-65.546161
70.548463,-33.577651
-65.556687,85.550975
10.000005,-13.310633
-14.725842,-18.691274
51.561736,7.694211
-34.582287,-54.553534
25.585257,111.547381
-2.503786,-12.331462
98.548173,-24.587893
-101.549156,-61.556756
2.482939,-9.351727
-26.616313,20.612336
34.572354,-93.552564
-51.563455,-75.557317
15.012388,-11.379012
-9.226004,-16.776921
64.564661,61.560314
-70.554674,-15.617511
9.201902,0.349101
-16.677346,-36.554948
47.584678,8.801885
-38.563933,95.549031
23.611951,-9.793920
-2.727596,25.743631
90.550379,-64.556285
-83.551600,-47.559816
3.124342,36.588968
-21.742541,0.017454
40.526093,-2.148994
-44.555901,-32.565348
20.897106,-0.860456
-4.916240,-62.555526
76.544992,15.597108
-60.555802,-0.346697
10.950263,-17.727684
-14.235766,1.522227
55.567590,27.560421
-31.575888,-54.556338
28.637361,6.943194
-0.640307,-42.550804
109.547662,-2.151385
-108.549913,7.679803
1.593485,-2.544498
-27.598826,0.242114
32.591036,33.579865
-54.559277,42.558907
13.870022,-14.771093
-9.711192,-33.573141
62.560767,-12.618837
-73.552628,-50.565767
8.219007,7.111800
-18.599400,118.547070
45.558969,22.604390
-39.598593,13.629836
22.631538,-7.044660
-4.794010,12.893579
86.550731,-85.551632
-87.551244,-8.660531
2.834718,60.554515
-22.538530,-16.620511
39.559618,-87.549318
-46.555083,7.640207
17.596645,-21.668025
-6.666096,-20.684452
73.555122,-33.581224
-62.556955,-65.550829
11.705363,-13.349985
-15.253806,-8.024357
53.568673,48.655796
-33.553825,58.555367
27.592903,-58.558362
-0.238517,-25.736389
103.549598,47.563372
-97.548191,15.642846
2.153904,-31.712593
-24.601386,-58.570511
35.577149,12.634505
-50.558811,46.562356
15.619393,-32.587280
-7.840109,-45.546104
67.549362,-24.585951
-67.556692,-33.570172
8.664965,-16.595772
-15.636266,-21.623612
49.572297,21.553452
-36.647165,6.034263
24.576649,39.604012
-3.090641,15.292582
93.548093,30.574726
-80.552787,88.550871
5.724424,14.925550
-20.633888,26.562866
42.564600,-21.598471
-42.574374,-49.559769
19.605701,27.594669
-4.764799,107.547775
79.553736,-56.556788
-58.566771,33.581723
11.687070,-29.601967
-11.756924,-31.550743
57.557134,64.557622
-30.556181,31.552942
29.580066,70.553725
-0.763161,81.545584
117.547396,-22.582714
-111.547970,-0.938627
0.264773,-44.538518
-28.622769,22.562834
31.561845,83.552060
-54.557632,-98.549145
12.595891,78.549943
-10.695541,26.551939
61.566429,1.467448
-74.553073,-59.553791
5.771246,-82.558949
-19.260199,-2.027052
44.568222,66.552729
-40.581844,32.571357
22.347215,17.063934
-5.246444,-16.737471
84.551305,15.589032
-89.549912,-41.563491
4.519272,0.523851
-23.590740,58.551333
37.572253,70.546577
-47.563474,17.595417
16.619330,95.549285
-7.581261,17.787052
71.555599,53.564381
-63.555854,-10.650021
8.713255,35.567184
-14.607285,61.556514
52.569862,9.681990
-34.573238,115.547636
26.714456,1.812203
-0.883623,21.908657
100.549140,70.554211
-99.549438,50.561290
1.578519,23.726048
-25.654961,5.825271
34.556504,43.586459
-51.562193,54.554921
14.575108,47.562584
-8.725071,28.588562
66.554600,-81.551459
-69.566460,13.568064
6.716684,85.545651
-16.695033,15.787728
48.579920,-0.062204
-37.570464,64.559449
24.585313,-121.547173
-3.243093,-18.055945
91.549419,47.560598
-82.549900,19.587456
4.327917,-24.643963
-20.594814,-55.558915
41.565790,-108.547432
-43.557452,-44.572055
19.591128,-53.577155
-7.393005,-1.336102
77.548838,26.574210
-59.556302,78.552164
10.680031,26.599410
-12.621285,57.574247
56.557475,57.555488
-31.577852,78.547939
29.584413,-29.610245
-0.434021,1.532875
112.547818,39.566112
-105.548259,-4.877591
0.363932,-113.547917
-26.571075,-65.568517
33.701390,-6.367885
-53.564144,23.593675
13.737564,24.589537
-9.728761,29.621614
63.562534,-1.392891
-72.553333,65.557054
5.722892,124.547379
-18.425283,4.774883
46.559294,29.554100
-38.573732,-41.563258
22.590968,117.546913
-2.628184,-29.629752
87.551202,77.552862
-86.550190,58.560351
4.932969,-19.707406
-21.648565,-46.558827
39.572224,65.562316
-45.579638,-35.578272
17.612721,46.553787
-7.661156,15.393367
74.552968,80.552602
-61.563903,-27.583472
9.747799,40.565180
-13.606896,96.545158
54.556908,78.551375
-32.569311,16.667134
28.585598,-102.546515
-1.450890,10.130362
106.548729,28.581218
-94.549138,37.566295
3.143152,10.822658
-24.600865,12.634496
36.631894,-15.934040
-49.564380,-3.052221
15.629761,33.585616
-10.114433,4.515586
68.563142,34.590911
-66.572686,-14.646721
7.750728,24.617523
-15.635199,43.553125
50.536129,10.651682
-35.582189,-1.639303
25.625638,-13.588293
-0.492216,-112.546639
96.549992,-33.560511
-78.551565,-53.561013
5.529056,-39.550822
-19.738355,-13.683750
42.563875,90.552076
-41.568254,-88.551817
20.775693,-20.604335
-6.464481,-5.501166
81.555265,-38.568303
-57.556950,63.555488
11.810399,21.653905
-11.810409,20.233691
58.557500,54.559228
-30.361475,3.465958
30.998912,17.923860
0.696077,-15.877791
124.547043,2.118383
-123.546459,4.765569
0.274536,-10.306456
-30.075304,7.904952
30.597652,26.612185
-57.555775,97.550672
11.659031,28.589130
-11.681504,35.628445
59.552349,-30.572187
-78.547891,-39.568531
5.251287,-23.598315
-20.172999,-8.038767
43.565997,-89.549694
-41.574810,-72.558213
20.624194,-6.342268
-6.438772,5.148715
81.553510,-10.616070
-93.550272,-71.553975
2.926403,16.346516
-24.592743,24.598308
37.616201,-5.361343
-49.608725,1.583122
15.638550,38.594930
-9.811645,8.404018
68.568070,55.578073
-66.553152,-1.496329
7.666327,56.568627
-15.647641,48.558312
50.561019,85.551168
-35.622671,0.427264
25.652722,-5.218513
-0.663917,-92.549438
96.549618,-17.593414
-105.548033,51.560759
0.547845,-69.554682
-26.600131,-39.560013
33.605547,0.988981
-53.564448,45.565697
13.623547,35.572035
-9.626972,59.557586
63.552229,19.592996
-71.554810,-64.560024
6.842266,-52.582815
-17.610007,8.091442
46.574192,50.554025
-38.585038,-8.809305
23.591597,-107.548467
-3.263488,-21.301946
88.550687,-60.556739
-85.551529,-65.556337
5.447052,-6.175090
-21.580458,-36.556558
39.587190,101.562107
-45.572795,-25.555641
17.573741,61.548350
-6.366247,17.316955
75.550684,-76.552884
-61.548631,-6.746660
9.629922,52.545495
-13.652747,118.546696
54.556532,92.549209
-32.572143,27.561285
28.583529,-91.549876
-1.221431,16.031430
107.548428,-43.565494
-111.547584,23.587262
1.469594,-38.684555
-28.665740,28.599080
32.591778,-54.564949
-54.559367,-49.554688
13.628099,-121.547641
-10.662654,33.576868
61.553713,9.642700
-74.556276,-47.557599
5.758554,-63.554460
-19.355539,2.541084
44.565085,110.547821
-40.563115,48.565728
21.606946,38.601216
-5.372832,-12.253603
84.552149,40.566012
-89.553441,-19.603470
4.482159,2.545017
-23.611224,63.566773
37.568745,87.553365
-47.570244,26.575624
16.609784,115.547663
-6.935797,20.623709
71.553921,85.550987
-63.563954,-1.261890
8.674719,48.584640
-14.608306,90.547599
52.547412,17.668336
-33.579602,-57.560660
26.649897,12.250384
-1.102591,36.566331
101.547694,-42.568967
-98.549016,-57.557812
1.555620,30.002160
-25.594026,11.623522
34.576491,75.556920
-51.556283,72.554582
14.622170,52.566798
-8.732046,35.598034
66.554785,-35.576985
-69.550691,38.571662
7.668383,-108.546625
-16.741629,24.587282
48.576491,16.659940
-37.565687,83.554462
24.599330,-94.547821
-3.332981,-11.149521
92.550443,-69.553754
-82.551891,61.556281
5.409233,-17.045014
-20.628220,-42.595786
41.568513,-59.560091
-43.569010,-27.603815
19.639220,-37.578208
-7.587093,1.483097
77.554506,44.565663
-58.553644,-89.550069
10.744504,33.582741
-12.610883,68.565494
57.557267,-81.550858
-30.569119,-73.553101
29.578472,-16.734386
-0.360839,4.542577
113.548020,-24.588568
-115.546437,-2.071071
0.148370,22.676888
-28.595637,-53.557972
31.557103,0.053228
-56.566785,57.555806
14.302781,-6.920427
-12.873053,-5.062510
60.555653,-14.653852
-76.549016,27.594526
6.996828,13.664451
-19.598753,122.547542
43.566225,99.549709
-41.567548,38.570247
21.607001,-78.544538
-4.104838,69.557307
83.548901,-22.587821
-91.550569,-55.557194
3.795899,-40.893779
-23.647761,-17.656981
37.554549,-32.568977
-47.560344,-75.555126
18.745898,-1.400985
-7.312789,-22.657960
70.559433,-15.636278
-64.566103,-59.563503
10.922711,-9.891591
-15.329667,-9.262571
51.578686,28.579474
-34.547619,-43.577824
26.586368,-77.556810
-2.305526,-8.301476
98.549815,41.564235
-101.550527,6.691777
2.755106,-3.496211
-26.568876,32.593526
34.589362,-50.560242
-51.569480,-36.562854
16.340356,-4.061008
-9.639415,-14.363270
65.555820,-99.548932
-70.549301,-3.186332
9.106262,4.133149
-16.686499,-31.569305
47.549845,25.602780
-37.575597,-81.557527
23.734453,-4.550526
-2.461807,41.587415
90.550291,-41.565090
-83.549595,-29.571818
3.062293,46.565834
-21.555244,2.901784
40.554464,15.626857
-44.556857,-4.186482
20.113101,16.114159
-4.953889,-55.556782
76.554230,34.571863
-60.570332,3.960177
11.919859,-10.820788
-15.018481,5.759647
55.680737,44.890746
-31.569274,-26.556103
29.027569,18.952780
-0.032327,-38.568071
109.547643,13.620518
-107.548681,-38.567179
1.565662,0.594827
-27.666158,8.880364
32.575075,69.548112
-54.559623,59.566467
14.113613,-10.745365
-10.457173,-18.356515
62.574254,0.039545
-73.548613,-33.586511
7.660433,11.171044
-17.612278,-108.547309
45.574476,36.563278
-39.562712,19.597915
22.830353,-2.058084
-4.865765,15.921696
86.551585,-31.579997
-87.551490,55.556878
2.874408,-109.547742
-22.752288,-8.917277
39.555958,-71.565659
-46.555768,30.600496
17.678249,-11.826880
-7.083219,-15.715623
73.560912,-8.620723
-62.564065,-31.577783
12.074752,-8.132978
-15.533699,-4.736406
53.558607,63.558246
-33.574372,102.547908
27.596235,-14.654763
-1.489150,-15.096636
104.548755,-48.561360
-96.549874,-75.553274
2.177958,-27.588935
-24.579315,-49.536310
35.585403,21.617787
-50.563977,59.554144
15.681374,-18.662954
-7.808542,-31.581476
67.550391,-0.799868
-67.556349,-19.563331
10.179551,-7.245299
-16.429991,-8.712822
49.554111,28.552490
-36.581346,14.757986
24.614916,45.570786
-2.865027,17.535451
93.550379,76.553673
-79.551656,-59.556942
4.366366,19.702479
-20.547475,34.600689
43.384121,-10.866412
-42.553970,-19.552290
19.621967,36.568774
-3.810459,-109.547379
79.550572,-16.659076
-58.551462,41.565404
11.693098,-19.600573
-12.170465,-17.715221
57.558675,94.549862
-30.573011,91.550928
30.593738,-82.549924
-0.001148,-101.547549
117.547144,36.569153
-118.548183,-16.606827
0.554516,3.600277
-29.578541,116.547161
31.577965,-34.574903
-56.568803,-20.587889
12.730585,-66.569000
-10.642755,-37.552052
59.759809,41.601280
-77.558884,-11.595365
7.384885,-3.449768
-19.615587,23.587865
44.822211,-15.897359
-41.546911,-8.757452
20.601924,22.595995
-4.247183,23.644465
82.551502,-59.557913
-92.549712,-49.561081
1.475637,66.558602
-23.586953,-87.549918
36.567600,48.571703
-48.552280,-37.569371
16.690865,-38.557610
-7.695673,68.553373
69.554881,-0.025246
-65.550333,-22.609336
8.683719,-67.558365
-14.606844,-52.547108
51.562641,-27.584156
-35.575625,49.566756
25.599420,21.595782
-0.918307,-37.598382
96.548230,38.565007
-103.547838,11.606799
0.0,0.0