0.982446,0.006841
0.985225,-0.015051
0.983920,-0.034487
0.982340,-0.035644
0.982359,-0.012765
0.982170,-0.037641
0.982323,-0.000825
0.982351,-0.009741
0.982442,0.005580
0.981624,0.101858
0.981217,0.074757
0.982468,-0.004288
0.982486,0.033276
0.981190,-0.021957
0.993702,-0.061389
0.982402,0.026981
0.982374,0.013541
0.983274,0.019365
0.982668,-0.011013
0.988375,-0.019244
0.981664,0.006766
0.982560,-0.007804
0.985855,-0.040803
0.982461,-0.000566
0.982366,-0.004471
0.982475,-0.003310
0.982069,0.023514
0.982320,-0.002445
0.982355,0.061690
0.981341,0.141165
0.982347,-0.181206
0.982443,-0.013243
0.982439,0.013461
0.982266,0.157060
0.982371,0.057360
0.981763,0.073897
0.982312,-0.017224
0.982831,-0.018922
0.982601,0.029554
0.982356,0.074537
0.982310,-0.016496
0.982520,0.016012
0.982445,-0.055036
0.982575,-0.014063
0.982519,-0.031653
0.982363,-0.000053
0.981906,-0.092340
0.982336,0.004018
0.982318,0.003729
0.982077,0.013270
0.982351,0.035849
0.982422,-0.003384
0.982927,0.020710
0.982693,-0.006154
0.982300,-0.059554
0.982359,0.007509
0.982357,0.032419
0.982287,-0.052387
0.982373,0.014746
0.982438,0.023180
0.982284,0.016107
0.982503,0.036757
0.983987,0.021335
0.982346,-0.004421
0.982398,-0.034446
0.982533,0.075470
0.982355,-0.021640
0.982365,-0.002881
0.982426,0.018950
0.982420,0.015414
0.982418,-0.107123
0.982701,0.062908
0.982430,0.009677
0.982411,0.030760
0.981598,-0.073450
0.982405,-0.016959
0.982424,0.002168
0.982194,0.157862
0.981761,0.021260
0.982407,-0.002239
0.982429,0.000756
0.995738,0.058111
0.982407,0.045789
0.982308,0.019460
0.982598,0.022434
0.982377,-0.010322
0.982290,0.009232
0.982346,-0.009638
0.982520,0.030253
0.982240,-0.049411
0.982424,0.007181
0.982954,0.002383
0.982439,-0.013900
0.982376,0.006263
0.982336,0.048135
0.982322,-0.004335
0.982328,-0.001355
0.982500,0.002409
0.982897,-0.022473
0.982406,0.007330
0.982349,-0.018790
0.982351,0.020401
0.982737,0.027144
0.982445,0.007432
0.982472,0.043722
0.982407,-0.032214
0.982414,-0.033018
0.982885,0.012288
0.982452,-0.011984
0.982338,0.021015
0.982151,-0.019149
0.982358,-0.009386
0.982409,-0.008159
0.981617,0.019773
0.981929,-0.007446
0.982394,-0.008193
0.982467,-0.022657
0.982867,0.053103
0.991880,-0.076443
0.982392,0.012043
0.982347,-0.008305
0.982294,-0.056365
0.982654,0.031502
0.982357,0.021954
0.982469,0.021108
0.982729,-0.018675
0.997112,-0.008781
0.982321,-0.017255
0.982457,0.003162
0.982233,-0.025416
0.982287,0.035699
0.982855,-0.087788
0.982446,-0.008471
0.981767,0.047358
0.985520,-0.068094
0.982387,0.003017
0.982640,-0.042092
0.981731,0.002571
0.982368,0.002550
0.982450,0.006139
0.982643,-0.093882
0.982372,0.014803
0.982347,0.097246
0.982353,-0.019193
0.982326,0.004797
0.982363,0.070945
0.982805,0.000905
0.982849,0.004185
0.982431,0.010720
0.982417,0.025221
0.981943,-0.097860
0.982554,0.024154
0.982348,0.026997
0.982273,0.000787
0.982086,-0.011985
0.982048,0.017478
0.982682,0.007082
0.982343,0.005440
0.995409,-0.029296
0.982371,-0.011569
0.982389,0.019946
0.998285,0.001989
0.982850,-0.051527
0.982860,-0.018370
0.982538,0.019918
0.981234,0.058516
0.982495,0.012934
0.982402,-0.010577
0.982438,0.011596
0.982679,0.046075
0.980661,-0.027409
0.983313,-0.035766
0.982422,0.042093
0.982319,-0.012818
0.982255,0.001682
0.982365,-0.010303
0.982416,0.001125
0.982179,-0.051195
0.982290,-0.066881
0.982395,-0.026543
0.982663,0.077536
0.982784,0.033051
0.982292,-0.069510
0.982590,0.017881
0.982523,-0.127781
0.981828,0.077311
0.984011,-0.093963
0.982505,-0.004917
0.982770,-0.007047
0.989510,-0.002277
0.982162,0.005865
0.982353,-0.267179
0.982346,0.020987
0.998344,0.005717
0.982704,0.042515
0.982387,0.020282
0.982483,0.003205
0.981447,0.036096
0.982576,-0.013173
0.982744,-0.008429
0.982471,-0.007405
0.983144,0.024575
0.982407,-0.007029
0.981942,-0.003464
0.982596,0.016899
0.982426,-0.000732
0.983739,0.000862
0.982352,-0.001738
0.982376,0.000431
0.982570,-0.025865
0.981208,0.019949
0.982562,-0.017915
0.982578,-0.005521
0.981665,-0.022106
0.982062,-0.064754
0.982431,-0.005844
0.982500,-0.051431
0.981627,0.026337
0.982838,-0.084393
0.982396,0.014500
0.982411,0.014304
0.982493,-0.006665
0.982178,-0.048430
0.982332,0.013659
0.982400,0.033439
0.982265,0.054662
0.982635,0.023635
0.982380,0.003305
0.982451,0.002870
0.980831,-0.011210
0.983099,-0.109988
0.982583,0.004020
0.982486,-0.030225
0.983812,0.041230
0.983553,-0.012888
0.982169,-0.013097
0.983418,0.046638
0.982739,-0.019324
0.983329,-0.001751
0.982318,-0.014579
0.982346,-0.003870
0.982140,-0.000143
0.983852,-0.017970
0.982555,0.042725
0.982029,0.032071
0.982298,-0.023149
0.982323,0.019554
0.982445,-0.000360
0.982538,0.029380
0.982281,0.109880
0.981200,-0.074816
0.982324,-0.000228
0.982583,-0.001759
0.982434,-0.008748
0.982351,-0.087277
0.982354,-0.014093
0.982375,-0.004457
0.998289,-0.004597
0.982396,0.001064
0.982365,-0.024158
0.982288,-0.035426
0.982429,-0.003725
0.982649,-0.070071
0.982830,-0.009253
0.982492,-0.001051
0.989798,0.077053
0.981963,0.162035
0.982943,0.029799
0.983308,0.050269
0.981508,-0.010291
0.982137,-0.018753
0.982329,0.017169
0.982363,-0.003173
0.982431,-0.099035
0.982416,-0.000410
0.982178,0.021992
0.982491,0.010207
0.982272,0.020014
0.982445,0.047446
0.982479,0.015296
0.982425,0.007352
0.982445,0.008577
0.982619,-0.014575
0.982585,0.010416
0.982435,0.027538
0.987664,-0.039257
0.981998,-0.075640
0.982337,0.002241
0.982397,-0.013650
0.983407,-0.013914
0.982263,0.006153
0.982726,0.019467
0.982546,0.061267
0.982379,-0.042481
0.982587,-0.025681
0.982365,0.005724
0.982339,0.003473
0.984416,0.016877
0.982153,-0.001285
0.982034,0.002300
0.983050,-0.024159
0.982959,-0.002007
0.992600,-0.010177
0.982309,-0.003457
0.982328,-0.005125
0.984256,0.013039
0.982278,-0.033239
0.981912,-0.026582
0.982482,-0.020611
0.982733,0.009704
0.982328,0.077310
0.982379,-0.004207
0.982870,0.020197
0.982595,0.013282
0.981444,-0.015555
0.982547,0.007673
0.982373,-0.000232
0.982139,0.003682
0.982637,0.071144
0.982348,0.006475
0.982336,0.012788
0.990745,-0.032499
0.982770,-0.053751
0.982188,-0.090799
0.982744,0.035322
0.982279,-0.108214
0.982363,-0.004792
0.982358,-0.026251
0.982392,-0.042114
0.982252,0.056710
0.982383,-0.015987
0.982668,-0.028352
0.982782,0.010248
0.982639,-0.003315
0.995027,-0.054719
0.982448,0.021044
0.982401,-0.014089
0.982595,0.025749
0.982580,-0.007771
0.982014,0.025688
0.982365,0.003298
0.982832,0.007323
0.982569,-0.089586
0.982563,-0.010783
0.982384,0.022725
0.982649,0.043094
0.982956,0.085898
0.982348,0.023436
0.984571,0.070463
0.982528,0.015946
0.982294,0.122742
0.982455,-0.003305
0.982420,-0.005813
0.982486,-0.036747
0.982652,0.022756
0.982114,-0.084721
0.982366,0.014384
0.982531,-0.015618
0.982448,0.032489
0.982422,-0.002596
0.982398,0.066314
0.982718,0.024279
0.982409,-0.045660
0.982397,-0.042431
0.982370,0.013360
0.982280,0.031314
0.992227,-0.038865
0.982404,-0.001075
0.982342,0.005747
0.992708,0.070073
0.981928,-0.038774
0.983271,-0.032189
0.982419,0.012157
0.981912,0.030625
0.982257,-0.169242
0.982440,0.014494
0.982174,0.066413
0.982402,-0.002688
0.983018,-0.032391
0.982381,-0.048398
0.982272,0.014821
0.990019,-0.004349
0.982380,-0.010317
0.982393,0.017028
0.982412,-0.024274
0.982450,0.064639
0.982316,0.016414
0.982194,0.019946
0.982232,0.008951
0.982031,0.016868
0.983034,-0.060530
0.982364,-0.016268
0.982403,0.020299
0.982484,-0.053992
0.982414,0.194835
0.982543,0.005346
0.982120,0.025357
0.981838,-0.046727
0.982202,-0.145027
0.982327,0.008729
0.982393,0.009537
0.986644,0.021506
0.981205,-0.021215
0.981554,-0.049239
0.983232,0.069311
0.982391,-0.062171
0.987357,-0.057043
0.982480,0.017123
0.982268,-0.050367
0.982540,0.014812
0.981851,-0.014421
0.982403,-0.017125
0.982646,0.034365
0.983065,0.025778
0.985212,0.000198
0.982416,0.008621
0.982451,0.006162
0.999810,0.027684
0.981449,0.008905
0.983468,0.022664
0.981899,0.013639
0.982109,-0.020883
0.984828,-0.064762
0.982594,-0.010037
0.982320,-0.017341
0.982291,-0.077682
0.981461,-0.084988
0.982394,-0.010423
0.982098,0.012525
0.985612,-0.019208
0.982937,-0.072703
0.982318,0.008750
0.982355,-0.007184
0.982452,0.035431
0.982345,-0.025618
0.982524,0.007006
0.982361,0.009424
0.982316,0.003626
0.986318,-0.002161
0.982380,-0.001537
0.982417,-0.024908
0.982229,0.029795
0.982777,0.004496
0.982173,-0.027486
0.982462,-0.001806
0.982371,0.003910
0.985948,-0.037991
0.982339,-0.001729
0.982463,0.020275
0.983029,0.007921
0.982492,-0.008559
0.982445,-0.024200
0.982478,0.016374
0.982605,0.007979
0.985519,-0.046987
0.982361,-0.018506
0.982538,0.015009
0.982577,-0.079630
0.981410,0.021967
0.982394,-0.016564
0.982429,-0.004888
0.982816,0.014757
0.982349,0.028259
0.982415,0.017212
0.982446,0.036473
0.982422,0.058818
0.982544,-0.068712
0.983360,0.113069
0.982405,0.007209
0.982409,0.010949
0.986119,-0.073536
0.982404,-0.010541
0.982362,-0.002540
0.981680,0.021023
0.981710,-0.055098
0.982155,0.014692
0.981816,-0.075316
0.982421,-0.054481
0.995797,-0.019184
0.982318,0.003496
0.982499,0.000317
0.998297,0.034721
0.982109,-0.003611
0.982354,0.000447
0.982370,0.029318
0.982418,-0.013658
0.991644,-0.034203
0.982406,0.003847
0.982374,0.000853
0.982531,0.006066
0.982073,-0.069877
0.982414,-0.031231
0.982526,0.013979
0.982302,-0.009037
0.982212,0.095408
0.982390,-0.003426
0.982403,0.000882
0.982332,-0.028136
0.982486,0.005872
0.982083,-0.044479
0.982356,-0.021932
0.982419,0.007321
0.982959,-0.086361
0.982423,0.003153
0.982400,0.002280
0.988076,0.002465
0.981694,-0.078752
0.982482,0.022698
0.982621,0.079239
0.984289,-0.090222
0.982637,-0.029821
0.982394,-0.013686
0.982455,0.025396
0.998811,-0.011033
0.982558,0.000641
0.982472,0.021694
0.983118,0.001766
0.982367,-0.049394
0.982370,-0.012850
0.982773,0.006509
0.982372,-0.000837
0.983940,0.049359
0.981592,-0.084171
0.982432,-0.038880
0.982377,0.036325
0.982139,0.023105
0.982572,-0.002282
0.982448,0.008145
0.982427,-0.040974
0.982630,0.051536
0.982386,-0.024545
0.981879,0.014094
0.982520,-0.005004
0.982397,-0.000178
0.981640,0.009390
0.982370,-0.003556
0.982270,0.012238
0.982515,-0.014066
0.982522,0.014082
0.982519,0.025366
0.981820,-0.019197
0.982317,0.023839
0.982240,-0.032378
0.982380,0.009329
0.982370,0.001301
0.982739,-0.017409
0.982474,0.075404
0.983074,-0.036741
0.982021,-0.008780
0.982490,0.018200
0.982454,-0.010321
0.982566,0.004822
0.982412,-0.024822
0.981911,0.074359
0.982605,-0.004412
0.982624,-0.029406
0.982251,0.026483
0.982455,0.005474
0.992446,0.002439
0.982368,0.016765
0.982640,0.001088
0.993120,0.064567
0.983396,0.128111
0.982447,-0.008572
0.982527,0.085231
0.982468,-0.003838
0.981985,0.058278
0.982426,0.004745
0.982420,-0.005539
0.982405,0.003949
0.982438,-0.048262
0.982430,-0.011013
0.982422,-0.008430
0.982912,-0.002051
0.982389,0.019445
0.982340,-0.004988
0.982428,-0.001726
0.981564,-0.008192
0.982362,0.000103
0.982975,-0.093774
0.982210,-0.023835
0.981834,0.027275
0.982596,0.035724
0.982391,0.019090
0.982687,0.011571
0.983343,-0.022412
0.982397,0.002541
0.982451,-0.020212
0.982499,0.073068
0.982378,0.011403
0.995065,-0.048807
0.982356,0.000316
0.982447,-0.030160
0.999707,0.028036
0.982357,-0.009808
0.983131,-0.063851
0.982487,-0.009430
0.982385,0.020500
0.982389,-0.029702
0.982410,-0.000859
0.982628,0.075449
0.982518,0.008270
0.982471,-0.019598
0.982911,-0.015636
0.982446,0.042275
0.982094,-0.110388
0.982352,0.111493
0.982411,0.048856
0.982369,0.020581
0.982184,-0.053381
0.982013,-0.004308
0.982479,0.003397
0.982375,-0.006575
0.982397,0.016665
0.982708,0.056112
0.982557,0.026211
0.982203,-0.008657
0.982463,0.018209
0.982711,0.012346
0.982419,-0.001515
0.982364,0.004450
0.982871,-0.042407
0.996446,-0.038871
0.982373,-0.069403
0.982472,0.027972
0.982061,-0.004272
0.982225,-0.006831
0.982254,0.004927
0.982769,-0.009456
0.980974,-0.012776
0.990006,-0.045074
0.982435,0.007934
0.985558,-0.008630
0.982782,-0.045579
0.982368,0.003364
0.982596,-0.002684
0.982754,0.001302
0.982180,0.021619
0.984041,-0.008763
0.982380,0.020728
0.982322,-0.022990
0.982035,0.009592
0.983166,-0.011779
0.981519,-0.019661
0.982511,0.017620
0.997906,0.001572
0.985287,-0.090373
0.982630,-0.003068
0.982338,0.006730
0.983006,-0.081577
0.982513,0.016311
0.982202,0.085397
0.982409,-0.000176
0.983118,-0.043278
0.984966,-0.058080
0.982364,-0.011859
0.982330,-0.005869
0.982563,0.020710
0.982490,-0.031517
0.982810,0.045073
0.982295,-0.006235
0.981936,-0.008688
0.986780,-0.012813
0.982320,-0.012472
0.982491,-0.032516
0.984270,0.059515
0.982069,-0.048786
0.982331,0.026736
0.981690,-0.002502
0.981768,-0.035292
0.998206,-0.027125
0.982424,0.002226
0.982330,-0.012382
0.996325,0.028352
0.982427,0.007310
0.982083,-0.020549
0.983021,-0.012690
0.982643,0.000720
0.992133,-0.055792
0.982434,-0.031472
0.982353,0.048770
0.982396,0.024482
0.982345,-0.004256
0.982390,0.006079
0.982316,0.039770
0.982262,0.034850
0.982352,0.029186
0.982429,0.000763
0.982477,0.029523
0.982353,-0.032009
0.982373,0.007832
0.982780,0.014234
0.982418,0.021862
0.981873,-0.025712
0.982816,-0.192174
0.982320,0.020453
0.982425,0.004923
0.982983,0.055759
0.981588,-0.054694
0.982347,0.000727
0.982072,0.168537
0.982588,-0.003484
0.982533,-0.021255
0.982440,0.010401
0.982400,-0.010021
0.999621,0.027858
0.983726,0.007416
0.982424,0.005224
0.982417,0.011878
0.989418,0.005674
0.986724,-0.047166
0.982554,0.013458
0.982322,-0.015541
0.982999,-0.022718
0.982473,-0.060807
0.982490,0.016431
0.982499,-0.015551
0.983305,0.020977
0.982111,-0.007892
0.982422,0.005430
0.982491,-0.006341
0.982246,0.050611
0.982315,0.008043
0.982466,0.005750
0.982512,0.008785
0.982316,0.039586
0.989279,-0.076659
0.982895,-0.002673
0.982976,-0.043758
0.983088,0.001140
0.982662,-0.071495
0.982362,-0.005113
0.982623,0.013999
0.981801,0.081702
0.995752,0.008053
0.982358,-0.019719
0.982360,0.010534
0.983478,-0.009267
0.982615,0.040898
0.982511,0.011162
0.982341,-0.003582
0.983166,0.049371
0.982349,-0.099232
0.982371,-0.002919
0.982513,0.054053
0.982211,0.041217
0.982144,-0.068659
0.982372,0.007230
0.982498,0.005880
0.982457,-0.024845
0.982440,-0.013286
0.982456,-0.008811
0.982466,0.000188
0.982430,-0.081323
0.982654,-0.009458
0.982519,0.007301
0.982617,-0.025990
0.982408,-0.042264
0.982461,-0.080344
0.982340,-0.002381
0.982365,0.018550
0.982279,0.050303
0.993324,-0.037130
0.982391,-0.012510
0.982751,0.000726
0.982494,-0.017111
0.982716,0.003802
0.982389,-0.004846
0.982410,-0.018641
0.983898,-0.005643
0.982462,-0.011519
0.982863,0.009864
0.982428,0.002267
0.982695,-0.019393
0.982270,-0.074255
0.982350,0.018984
0.982418,0.009614
0.984993,0.054993
0.982110,0.021230
0.982439,-0.080786
0.982457,-0.009278
0.982473,-0.008730
0.982466,0.071881
0.982405,0.014630
0.982534,-0.025212
0.982366,0.050075
0.981569,-0.023205
0.982394,0.004531
0.982253,0.002558
0.982895,-0.043231
0.982347,0.016200
0.982370,0.011826
0.982858,-0.063238
0.981224,0.049056
0.982632,-0.024392
0.982823,0.108237
0.982383,0.004033
0.982347,-0.032542
0.982318,0.007272
0.982323,0.001220
0.982389,0.000659
0.990606,-0.003553
0.982200,0.052609
0.988975,0.007861
0.982442,-0.002709
0.981448,0.073420
0.982629,-0.099087
0.982423,0.035148
0.982477,-0.008326
0.987303,0.062145
0.982557,0.001279
0.982478,0.051120
0.982591,-0.003333
0.982814,-0.062084
0.984012,-0.028983
0.982354,0.009412
0.982385,-0.000778
0.982095,-0.036932
0.982063,-0.029551
0.982864,0.006067
0.982420,-0.007037
0.981930,0.014649
0.982416,0.001176
0.982376,0.005108
0.982884,0.005507
0.982052,0.077045
0.983563,-0.048072
0.982646,-0.053575
0.982526,0.007472
0.982243,-0.043523
0.982348,0.004659
0.982393,-0.006589
0.982363,-0.015712
0.998984,-0.036439
0.982670,0.037279
0.982252,-0.006692
0.982308,0.028524
0.982646,0.050654
0.984588,-0.016080
0.982388,0.005298
0.982367,0.030942
0.987960,0.070405
0.982654,-0.039358
0.982640,-0.020217
0.982436,0.040894
0.983606,-0.044366
0.992719,-0.028306
0.982347,0.000885
0.982349,0.005375
0.982365,-0.042346
0.981842,-0.060040
0.982270,-0.013506
0.982502,0.007155
0.982507,0.056510
0.982480,-0.210106
0.982334,-0.001000
0.982368,0.005087
0.982431,0.050317
0.980992,-0.027556
0.982467,-0.060849
0.982095,-0.053705
0.982471,-0.012147
0.982372,-0.070340
0.982355,-0.005142
0.982481,-0.007357
0.982760,0.108218
0.982549,-0.017179
0.982538,-0.022228
0.982445,-0.018079
0.982810,-0.005957
0.982581,-0.074784
0.982340,0.007170
0.982334,0.005229
0.980499,0.186155
0.982042,-0.048255
0.982191,0.085415
0.982063,-0.100652
0.983213,0.006509
0.985000,-0.022925
0.982421,-0.003451
0.982492,-0.031929
0.984211,0.006103
0.982160,-0.218614
0.982449,0.002910
0.982422,-0.010238
0.982044,0.045176
0.982408,0.049088
0.982353,-0.007249
0.982438,0.057314
0.983084,0.016915
0.982866,-0.050734
0.982528,-0.003006
0.981816,0.030529
0.982789,0.039887
0.982134,0.025637
0.982411,-0.006482
0.982368,0.011123
0.982211,0.005902
0.982745,-0.018118
0.982279,0.024117
0.982383,0.088224
0.982208,-0.028544
0.982515,-0.045063
0.982420,0.036061
0.982323,-0.022554
0.982375,-0.015427
0.982185,-0.076252
0.982375,-0.058540
0.981621,0.039852
0.982037,0.044492
0.981919,-0.075077
0.982489,-0.033844
0.982346,0.005912
0.997332,0.066478
0.982273,-0.042060
0.982520,0.010631
0.982209,-0.026741
0.982120,-0.024661
0.988397,-0.043693
0.982607,0.028931
0.982352,0.007041
0.982918,-0.024376
0.982118,-0.004895
0.982635,0.052683
0.982484,-0.013692
0.982276,-0.038644
0.982969,0.000036
0.982442,-0.017116
0.982410,0.036056
0.982192,-0.009665
0.982154,0.022816
0.982426,-0.030508
0.982353,0.080684
0.982524,-0.091960
0.983417,-0.071752
0.982325,0.002804
0.982610,-0.023836
0.982485,-0.065798
0.982325,-0.056438
0.982336,-0.058391
0.982549,-0.006234
0.982585,0.015719
0.982125,-0.048240
0.982329,-0.131534
0.982377,0.002871
0.982280,0.117670
0.982377,-0.000450
0.982472,0.024773
0.982434,0.006053
0.982396,0.002690
0.990689,-0.050730
0.982325,-0.025410
0.982405,-0.012122
0.982705,0.009100
0.982123,0.020516
0.983024,0.005718
0.982575,-0.040955
0.982548,0.002597
0.998026,-0.087360
0.982401,0.011070
0.982339,-0.004403
0.982336,0.043015
0.982367,-0.002961
0.982294,0.027851
0.982774,-0.088015
0.982392,-0.025012
0.982411,-0.042946
0.982590,0.037680
0.982362,0.047905
0.982845,-0.083368
0.983654,-0.052862
0.982427,-0.082027
0.982514,0.004395
0.982411,-0.000214
0.982482,-0.107425
0.982368,-0.008161
0.982506,0.012752
0.982286,0.080119
0.982417,0.000390
0.982908,-0.001838
0.982609,0.044570
0.981934,-0.081818
0.984047,-0.046106
0.982407,0.117075
0.982396,0.015681
0.981000,0.020659
0.981850,-0.074926
0.982510,0.002527
0.982147,-0.011292
0.982533,0.018766
0.996124,-0.010449
0.982414,-0.013435
0.982377,0.008514
0.990844,0.027759
0.982322,-0.041684
0.982794,-0.035335
0.982373,0.086552
0.982686,-0.104890
0.985051,-0.057622
0.982632,-0.002041
0.982401,-0.006501
0.984670,0.013749
0.982497,-0.030745
0.982723,0.053291
0.983355,-0.034672
0.983165,-0.056497
0.982217,0.046020
0.982327,-0.018151
0.982339,-0.000477
0.982613,0.009935
0.982933,-0.017122
0.982444,0.025252
0.982353,0.017120
0.982915,0.027192
0.987814,0.009449
0.982413,-0.002836
0.982119,0.026448
0.982804,0.024815
0.982473,-0.062428
0.982251,-0.021340
0.981937,0.055789
0.981876,0.034584
0.982428,-0.022740
0.982407,-0.003552
0.982478,0.023434
0.997891,-0.057543
0.982888,-0.016280
0.982500,0.033579
0.982391,-0.004494
0.982334,-0.036931
0.983093,0.031123
0.982577,-0.015363
0.982743,-0.047261
0.982447,0.026294
0.982470,-0.057145
0.982429,-0.027596
0.982559,0.004449
0.981950,0.034337
0.983530,-0.027509
0.982490,0.002049
0.982376,0.062043
0.982104,-0.032206
0.983249,0.028599
0.981979,0.015999
0.982727,0.014362
0.982537,-0.010010
0.982313,-0.037506
0.982329,0.020356
0.982386,-0.018005
0.982499,-0.030550
0.982457,0.006273
0.982370,0.008943
0.982849,0.007898
0.982266,0.002823
0.982492,-0.055270
0.982308,-0.005444
0.982374,0.001734
0.982401,0.078309
0.982547,-0.002448
0.982591,-0.044575
0.982306,0.007119
0.982361,-0.028096
0.982361,0.000449
0.982473,-0.008012
0.982158,-0.028129
0.982592,0.084387
0.982302,-0.015058
0.982379,-0.016123
0.982049,0.143351
0.982451,0.033435
0.983461,-0.023441
0.982426,0.005588
0.982571,-0.007897
0.994864,0.083718
0.982373,0.180257
0.982443,-0.024466
0.982753,0.014944
0.982612,-0.031657
0.982449,0.131584
0.982576,0.001188
0.982728,0.031825
0.982402,-0.034309
0.982452,-0.009920
0.982444,-0.016961
0.982342,-0.049940
0.982470,-0.020137
0.981936,0.002677
0.982401,0.039867
0.982330,0.003226
0.982578,-0.011154
0.982668,-0.002291
0.982733,-0.034450
0.982508,0.016343
0.982416,-0.013953
0.982314,0.037565
0.982538,-0.006254
0.982622,-0.027072
0.982730,0.099631
0.983200,-0.071961
0.982452,-0.023634
0.982424,-0.031725
0.982569,-0.010822
0.992729,-0.027837
0.982335,0.004473
0.982441,-0.052852
0.999789,0.026551
0.982524,0.012979
0.982347,-0.013843
0.982538,0.005339
0.982343,0.001021
0.982201,0.066805
0.982359,-0.008243
0.982481,-0.018575
0.982369,-0.000320
0.982396,-0.012149
0.982396,-0.002533
0.982572,0.016455
0.982653,-0.023076
0.982314,0.056901
0.982407,-0.016413
0.982506,0.002425
0.982398,-0.050041
0.982858,-0.052954
0.982414,0.023829
0.982346,0.014339
0.982689,-0.020918
0.983086,0.052763
0.982542,0.006432
0.982363,-0.009453
0.982413,0.020574
0.982295,-0.007952
0.983394,-0.001792
0.982394,0.012108
0.983023,-0.024774
0.998771,-0.028445
0.982462,0.009146
0.982414,-0.021008
0.983719,0.020999
0.982551,0.032361
0.982542,0.021694
0.982797,0.003905
0.983709,-0.019282
0.985380,-0.061914
0.982339,0.009159
0.982485,0.009957
0.982399,-0.045840
0.982539,0.019728
0.982455,-0.020978
0.982199,0.018761
0.983258,-0.040126
0.996049,-0.002739
0.982318,0.027754
0.982386,-0.013986
0.982341,-0.011600
0.982642,0.022618
0.981787,-0.107970
0.982329,-0.000060
0.981843,0.076839
0.983646,-0.069104
0.982413,-0.032975
0.982349,0.010099
0.983691,0.026983
0.982447,-0.016067
0.982624,-0.049775
0.982466,0.017132
0.982244,0.012503
0.982372,0.051752
0.982587,-0.026019
0.982489,0.010835
0.982177,0.045674
0.983293,0.003921
0.982302,0.037325
0.982175,-0.002796
0.982895,0.029549
0.983004,-0.025108
0.982416,0.052206
0.982528,-0.022285
0.985148,0.017661
0.982811,-0.045373
0.985419,0.003939
0.983636,0.088960
0.982323,-0.024701
0.995770,-0.000413
0.982327,0.018935
0.982343,0.025297
0.998489,0.035940
0.982366,-0.019891
0.982615,0.017147
0.982250,0.020526
0.987704,0.021337
0.994320,-0.066156
0.982445,-0.012323
0.982178,-0.028532
0.982453,0.025537
0.983222,0.087335
0.982570,0.016141
0.982402,0.037089
0.982318,0.018098
0.982406,0.099678
0.982386,0.010455
0.982396,-0.035524
0.982342,-0.079792
0.983052,-0.016231
0.983114,0.008716
0.982305,0.031831
0.982236,-0.003383
0.982472,0.052502
0.982499,0.010130
0.982513,0.114805
0.984040,0.047285
0.982630,-0.065129
0.982408,0.006898
0.982216,-0.063947
0.982481,0.039591
0.982256,-0.029356
0.982352,0.006961
0.982403,0.007280
0.996160,0.019117
0.982216,-0.021132
0.982698,0.018730
0.982433,-0.005183
0.981868,0.071827
0.989350,-0.026834
0.982208,-0.020054
0.982550,0.030489
0.990855,0.047991
0.981942,-0.013251
0.982384,0.019423
0.982734,-0.008681
0.982437,0.049398
0.982392,-0.018454
0.982528,-0.000382
0.982316,-0.011308
0.982444,0.037761
0.981992,-0.046510
0.982834,-0.013475
0.982492,0.063248
0.982169,0.029679
0.984297,-0.011224
0.982548,0.026783
0.982551,0.042670
0.983261,0.069483
0.983293,-0.055734
0.982383,-0.028908
0.982563,0.020246
0.982145,-0.019398
0.991273,-0.024049
0.982418,0.011298
0.982452,0.001726
0.982069,0.066717
0.983044,-0.012059
0.982724,0.000060
0.982416,0.004704
0.982584,0.042469
0.982452,-0.115007
0.982587,-0.014745
0.981988,-0.056366
0.983722,0.099555
0.983385,-0.048832
0.982837,0.001322
0.982669,-0.032018
0.982467,-0.010444
0.982330,-0.009868
0.982330,-0.006532
0.982447,-0.003417
0.982078,-0.057818
0.982471,0.044585
0.982453,-0.037943
0.982052,0.039226
0.982331,-0.002534
0.982538,-0.024039
0.982516,0.026620
0.982344,0.011179
0.982707,0.056688
0.981871,-0.008410
0.982372,-0.005544
0.982704,-0.031341
0.982476,-0.007035
0.982458,0.016574
0.982341,0.039340
0.982444,-0.020574
0.990462,0.003989
0.982408,-0.023214
0.982602,0.028237
0.982342,0.069568
0.982446,0.064807
0.983972,-0.165380
0.982363,0.007104
0.990682,0.028982
0.988082,0.062529
0.981572,-0.032700
0.982053,-0.015677
0.981970,0.083459
0.982860,-0.021210
0.982266,0.035198
0.982430,0.007862
0.982436,0.002763
0.982380,-0.029850
0.982578,-0.006467
0.982440,0.015693
0.982686,-0.000247
0.983582,-0.118899
0.982549,0.035695
0.982445,-0.006095
0.982276,0.033781
0.982721,0.171359
0.982641,-0.066113
0.982546,-0.035813
0.982366,-0.029283
0.982395,0.008459
0.982838,0.013201
0.982343,0.011832
0.982376,0.029169
0.981921,-0.022065
0.982226,-0.040770
0.982201,0.017390
0.982467,0.004556
0.982531,-0.008593
0.982265,-0.083010
0.982323,0.000923
0.982402,-0.008357
0.986854,0.019985
0.982390,-0.008295
0.982346,0.069805
0.982172,-0.063182
0.990668,-0.053615
0.996986,-0.060377
0.982479,-0.038916
0.982440,0.002486
0.982614,0.010280
0.982192,-0.031957
0.982505,0.000268
0.982458,0.014602
0.981871,-0.011403
0.982407,0.033132
0.982565,-0.032502
0.982280,0.005411
0.982459,0.013697
0.984145,-0.026552
0.982554,-0.001655
0.982484,-0.035678
0.984970,-0.024882
0.982460,0.030623
0.982334,-0.002526
0.982369,0.010381
0.996627,-0.021252
0.982698,0.004929
0.982167,-0.007890
0.982403,0.441808
0.982166,-0.045759
0.982398,0.002084
0.982377,-0.005536
0.982688,0.045928
0.980945,0.048919
0.982893,0.023303
0.982981,0.127536
0.982545,-0.043468
0.981864,-0.000344
0.992933,-0.049360
0.982335,-0.034199
0.982538,-0.006745
0.982344,-0.029651
0.982500,0.002155
0.981711,-0.005141
0.982325,0.005260
0.980973,-0.002045
0.982519,-0.155106
0.982440,-0.013519
0.982354,-0.008334
0.982923,0.031670
0.982488,-0.010732
0.982362,-0.000371
0.983503,0.044142
0.982448,0.016057
0.982452,-0.014215
0.982336,-0.001510
0.982366,0.044075
0.982386,-0.016553
0.982414,-0.015731
0.982555,0.002817
0.982868,-0.026168
0.982608,0.012647
0.984305,-0.012613
0.982332,-0.013352
0.982390,-0.010820
0.982492,0.054952
0.982480,-0.016092
0.982557,-0.006613
0.981363,0.003937
0.982841,-0.000169
0.996316,-0.022442
0.982319,0.002661
0.989554,0.077476
0.988591,0.044300
0.982498,0.059215
0.982795,-0.013259
0.982430,-0.007985
0.982335,0.037467
0.981817,0.062793
0.982352,0.006894
0.982876,0.006815
0.982305,0.013520
0.982395,-0.060077
0.982309,0.135910
0.985224,-0.023537
0.982669,-0.044061
0.982617,0.013811
0.982354,0.002047
0.982359,-0.019692
0.982411,0.187361
0.982609,0.005399
0.982547,-0.001472
0.982324,-0.005195
0.982329,0.049445
0.983048,-0.071561
0.982462,0.024948
0.982365,0.011975
0.982415,-0.033353
0.981920,0.006533
0.982250,0.034904
0.982466,0.024536
0.982233,0.049883
0.982104,-0.137516
0.982345,0.000435
0.982381,0.015154
0.995758,-0.001814
0.982197,-0.111174
0.983176,-0.067499
0.982555,0.056363
0.981292,0.102917
0.984993,-0.078858
0.982370,-0.031000
0.982438,0.036635
0.982715,-0.014771
0.981777,0.021668
0.982527,-0.019221
0.982946,0.046742
0.981912,-0.032651
0.985803,0.000658
0.982421,-0.009852
0.982319,0.011973
0.983305,0.016336
0.983095,0.030071
0.982426,0.027201
0.982903,-0.029049
0.982447,-0.032146
0.986628,-0.056006
0.982282,-0.011749
0.982576,-0.016368
0.982335,-0.068495
0.983121,-0.057979
0.982388,-0.007557
0.981743,-0.011213
0.982129,0.010205
0.982283,-0.124675
0.982439,-0.027688
0.982354,0.008072
0.982258,0.076645
0.982415,0.004517
0.982359,0.005716
0.982376,0.023101
0.982347,0.001218
0.985384,-0.006302
0.983062,0.007482
0.982334,-0.012928
0.982273,0.007368
0.982138,-0.113530
0.982465,0.027592
0.983358,-0.038351
0.982352,0.006268
0.991994,-0.047851
0.982386,0.007932
0.982378,-0.011272
0.981980,-0.178610
0.982415,0.030338
0.982405,0.011295
0.982399,-0.019160
0.982887,0.006988
0.984842,-0.058953
0.982462,-0.008556
0.982396,-0.050945
0.982584,-0.079447
0.981737,-0.079770
0.982434,-0.040401
0.982408,0.015430
0.982591,0.000296
0.982354,-0.123396
0.982410,0.000083
0.982611,0.017175
0.985620,-0.051683
0.982921,0.003616
0.982979,0.054852
0.982326,-0.006255
0.981960,0.029089
0.989673,-0.025099
0.982320,-0.032563
0.982342,0.006718
0.981685,0.009652
0.983123,-0.045135
0.982440,0.005516
0.982294,0.089617
0.982740,0.005905
0.996775,-0.012540
0.982389,0.007033
0.982361,0.002840
0.998264,0.029010
0.982491,0.023817
0.982678,0.012530
0.982675,0.022225
0.981655,0.007870
0.986987,-0.052901
0.982224,-0.018478
0.982350,0.004849
0.982716,0.014240
0.982141,-0.037359
0.982322,0.041064
0.982182,0.000115
0.981771,-0.060133
0.982489,0.126547
0.982330,-0.010289
0.982360,-0.000470
0.982436,-0.033148
0.982877,0.006160
0.982238,-0.001170
0.982419,-0.010291
0.982516,0.003534
0.982270,-0.083309
0.982488,0.027753
0.981952,-0.102815
0.982363,0.002240
0.984896,-0.075740
0.982753,0.016197
0.982407,0.019851
0.982523,-0.052434
0.982062,-0.046348
0.982362,-0.035278
0.982387,0.021209
0.998732,0.007343
0.982478,-0.011738
0.982353,-0.004234
0.982536,-0.002462
0.982397,-0.015757
0.982501,-0.049133
0.982457,0.066341
0.982352,-0.006314
0.990632,0.043756
0.982033,-0.041221
0.982554,0.007129
0.982561,0.065607
0.987647,0.007174
0.982150,-0.010071
0.982471,0.004601
0.982466,0.009190
0.982518,-0.101403
0.982467,0.004980
0.982366,-0.025511
0.982423,-0.019964
0.982550,0.007879
0.982144,0.092309
0.982420,-0.009784
0.982408,0.010650
0.982374,-0.001011
0.982388,0.015965
0.982358,0.006264
0.982496,0.037334
0.981948,0.052668
0.981912,-0.099590
0.982454,-0.018881
0.982444,-0.019144
0.982559,0.003379
0.982189,-0.030517
0.982049,-0.045456
0.982507,0.005465
0.982399,0.011867
0.982434,-0.064698
0.982374,0.006358
0.982435,0.009338
0.981441,0.047039
0.982748,-0.022587
0.982754,0.033481
0.982903,0.050691
0.982522,0.037518
0.988641,-0.009609
0.982399,0.012681
0.982489,-0.064120
0.999741,0.023865
0.982808,0.110201
0.982390,0.015134
0.982162,-0.018577
0.982394,-0.005476
0.982107,0.065243
0.982405,-0.014458
0.982385,-0.006191
0.982450,0.007346
0.982439,-0.168089
0.982563,-0.007466
0.982427,0.004319
0.982492,-0.050068
0.982317,0.035267
0.982347,0.004239
0.982413,0.005418
0.982044,-0.008826
0.982491,-0.004962
0.991622,-0.027924
0.983016,0.047614
0.982204,-0.031521
0.982554,0.029512
0.982384,0.009669
0.990274,0.057865
0.981821,0.154275
0.982162,-0.115995
0.982322,0.021250
0.982342,0.018708
0.982370,-0.018653
0.994583,-0.053140
0.982408,0.016660
0.982371,0.012945
0.983044,0.034352
0.982426,-0.002337
0.983529,-0.029219
0.982470,0.001813
0.982712,0.021911
0.984034,-0.021504
0.982495,-0.002053
0.982797,0.014677
0.982530,0.001556
0.982553,-0.012883
0.982422,0.018406
0.982276,0.047410
0.981921,0.045935
0.982045,0.090044
0.982488,0.006741
0.982394,-0.011468
0.982292,-0.124318
0.982584,-0.031808
0.983136,-0.009568
0.982409,-0.000876
0.982446,-0.016114
0.982550,0.055339
0.982587,0.001187
0.982225,-0.000648
0.982400,0.024463
0.982479,-0.002561
0.982354,-0.002162
0.982620,0.021814
0.982284,-0.000748
0.994734,-0.040552
0.982402,0.003240
0.982387,0.041459
0.986578,0.054139
0.981408,-0.065402
0.982014,0.039992
0.982180,0.066926
0.981826,0.010235
0.982639,-0.002773
0.982454,0.010613
0.982530,0.015813
0.982376,-0.007572
0.982454,-0.014538
0.982572,-0.014423
0.982987,-0.027646
0.982446,0.066850
0.983903,-0.012009
0.982352,0.029364
0.982413,0.014020
0.982403,-0.056683
0.982345,0.037373
0.982546,-0.053126
0.982494,0.049646
0.982446,0.007870
0.986813,-0.038110
0.982315,-0.004300
0.982649,-0.021563
0.982162,-0.031240
0.982464,0.090470
0.982927,-0.081391
0.982399,-0.008883
0.983171,0.002456
0.982551,-0.078670
0.982364,0.007239
0.982463,-0.000797
0.982594,0.004028
0.982268,-0.049307
0.982814,-0.062494
0.982864,0.056313
0.981451,0.010063
0.988098,-0.048518
0.982337,0.007919
0.982315,-0.031013
0.982920,0.006160
0.982322,-0.056551
0.982341,-0.038763
0.982471,0.083296
0.982587,-0.009052
0.996723,-0.004966
0.982333,0.010103
0.982458,0.006048
0.999722,0.015114
0.982565,0.046936
0.982470,0.054672
0.982174,0.080539
0.981730,0.018082
0.984553,-0.054735
0.982511,0.044048
0.982360,-0.005296
0.990334,0.045836
0.982578,-0.078289
0.982368,-0.012954
0.982743,0.028700
0.982128,0.063279
0.984185,-0.049221
0.982342,0.008268
0.982350,0.014448
0.982371,0.011837
0.982776,0.045289
0.982469,0.025045
0.982572,-0.000711
0.982182,0.017165
0.982214,-0.050960
0.982360,-0.006642
0.982353,0.008193
0.982281,0.003760
0.982433,-0.006665
0.982351,-0.039529
0.982453,0.071827
0.982422,0.019554
0.981815,-0.047640
0.982418,0.002020
0.982389,0.014013
0.982355,-0.000255
0.982749,0.031943
0.982442,-0.005410
0.982455,0.020531
0.992228,0.017795
0.987915,-0.068506
0.982397,0.000721
0.982370,0.024265
0.982401,-0.160901
0.981753,0.045868
0.982420,-0.040111
0.982332,-0.003408
0.983489,-0.017800
0.982065,0.085292
0.982467,0.026870
0.982448,0.011386
0.982663,0.035401
0.982286,0.016744
0.982950,0.003865
0.982376,0.006662
0.983062,0.043440
0.987986,-0.033294
0.982369,0.011246
0.982384,-0.004351
0.983587,0.007837
0.982291,-0.075259
0.982555,0.011174
0.981226,0.105902
0.989029,-0.043533
0.997605,-0.025367
0.982436,-0.015712
0.982334,0.013040
0.996985,-0.015296
0.983364,-0.016861
0.982414,0.004232
0.982620,0.013383
0.983162,0.039692
0.991618,-0.029861
0.982345,0.001822
0.982402,-0.012681
0.983748,0.016345
0.982702,-0.102436
0.982394,0.000638
0.982511,0.030224
0.982769,0.046795
0.982413,0.097529
0.982454,-0.005233
0.982642,-0.030861
0.982380,-0.069283
0.982654,-0.014714
0.982569,0.024334
0.982133,0.030296
0.982422,-0.010799
0.982316,-0.137518
0.982340,-0.001560
0.982369,0.009862
0.997140,0.037703
0.989596,-0.064333
0.982427,0.006157
0.983013,0.003472
0.985192,-0.041145
0.982339,0.027015
0.982421,0.025129
0.982371,0.000795
0.984942,-0.010431
0.982534,0.032723
0.986751,0.075315
0.982130,0.058929
0.982549,0.006964
0.982062,-0.027870
0.982421,-0.015459
0.982344,-0.000198
0.982725,0.019161
0.982567,-0.023678
0.982578,-0.001801
0.982516,0.056465
0.982416,0.000271
0.982246,0.081593
0.982379,0.002595
0.982345,-0.002191
0.982496,0.021531
0.982470,0.022630
0.982231,0.018117
0.982547,-0.030450
0.982047,0.044971
0.982668,-0.009591
0.982386,-0.002025
0.982429,0.029319
0.982068,0.041480
0.983326,0.040887
0.982140,-0.032484
0.982496,0.014584
0.982554,-0.002811
0.987870,-0.022534
0.982353,0.002390
0.982393,-0.002856
0.988320,-0.000254
0.982902,-0.145760
0.982400,0.012695
0.982476,0.021203
0.983961,0.030491
0.982522,-0.011783
0.982589,-0.009244
0.982342,-0.026413
0.984069,0.077767
0.981804,0.020766
0.982191,0.022360
0.982362,-0.005537
0.982605,0.133106
0.984365,0.004645
0.982322,-0.004143
0.982329,-0.000071
0.982438,-0.059722
0.982359,-0.032687
0.985188,-0.042896
0.982421,-0.002850
0.982609,0.035483
0.982402,-0.004087
0.982527,0.049988
0.982429,0.035675
0.982363,0.020785
0.983250,-0.095093
0.982106,0.004530
0.982509,0.017552
0.982304,0.054797
0.982733,-0.008777
0.982451,-0.015503
0.982455,-0.013600
0.999278,0.011502
0.982240,-0.004338
0.982349,-0.019388
0.982369,0.033007
0.982334,0.010136
0.982048,-0.068635
0.982507,0.019741
0.982369,-0.011313
0.983901,0.027432
0.982535,0.004096
0.982298,-0.026162
0.982352,0.010502
0.983510,-0.101780
0.985018,-0.014824
0.982315,0.006439
0.982451,0.006617
0.982300,-0.055730
0.980518,0.092509
0.982427,-0.036284
0.982651,0.016753
0.981818,0.092550
0.981995,-0.324101
0.982457,-0.011197
0.982590,0.015806
0.981953,0.056634
0.982229,-0.046330
0.982689,-0.025081
0.982516,-0.039416
0.982495,-0.002165
0.982782,-0.053452
0.982393,0.001263
0.982468,-0.022529
0.982515,0.104739
0.982604,0.001057
0.982252,-0.051201
0.982496,0.032472
0.981551,-0.022863
0.982065,-0.064813
0.982492,0.003391
0.982589,0.009521
0.981375,0.043906
0.981047,0.071385
0.982844,0.041513
0.982234,0.004938
0.982384,0.027283
0.983806,-0.005459
0.982445,0.006703
0.982394,-0.020455
0.983096,0.035921
0.982161,0.229943
0.982240,-0.001877
0.982367,0.000812
0.983111,-0.003767
0.982383,0.025202
0.982339,0.008295
0.982718,0.112635
0.982839,-0.016574
0.981857,-0.078524
0.982309,0.025921
0.982279,-0.001627
0.982522,0.013716
0.982250,-0.133191
0.982340,-0.011854
0.982442,-0.014217
0.982290,-0.026924
0.981861,-0.084372
0.982459,0.014157
0.982349,-0.004750
0.982839,-0.054876
0.982858,0.024424
0.982510,-0.064125
0.982390,0.005957
0.982463,0.025817
0.981896,-0.094383
0.982984,-0.040494
0.982003,0.015462
0.981917,0.074789
0.982788,-0.050991
0.982456,0.022582
0.982343,-0.009950
0.996164,0.115423
0.982283,-0.022844
0.982374,0.039665
0.982682,0.023519
0.982546,0.017237
0.982369,-0.031974
0.982415,-0.014852
0.982550,-0.013200
0.982245,-0.361367
0.982712,0.019234
0.982554,-0.078848
0.982385,-0.001972
0.982187,0.021433
0.982410,-0.019222
0.982341,0.009589
0.982491,0.020509
0.982212,-0.028241
0.982334,-0.012271
0.982228,0.030009
0.982438,-0.024956
0.982977,-0.054731
0.982790,-0.012860
0.982314,0.005709
0.982384,-0.069217
0.982435,-0.045267
0.982077,-0.018565
0.982061,-0.012323
0.982426,-0.011424
0.982463,-0.009467
0.983821,-0.026524
0.982424,0.003863
0.982480,0.005345
0.981478,0.056079
0.982426,0.005404
0.982353,0.003561
0.982525,0.038905
0.982537,0.009142
0.993536,-0.051625
0.982479,-0.000003
0.982484,-0.004980
0.982923,0.014527
0.982108,0.014066
0.982371,0.009985
0.982532,0.005575
0.982471,-0.047501
0.998702,-0.012414
0.982379,-0.005728
0.982470,-0.017250
0.982266,-0.065872
0.982339,-0.007324
0.981841,0.048049
0.982247,0.023841
0.982801,0.053636
0.982795,-0.019100
0.982444,-0.079106
0.982378,0.029729
0.982357,-0.017922
0.982486,-0.069962
0.982357,0.004135
0.982284,0.127170
0.982395,-0.000649
0.982411,-0.054562
0.982328,-0.005230
0.982394,0.014258
0.982128,0.023364
0.982752,-0.023935
0.983068,0.007612
0.982581,0.016464
0.982520,-0.001282
0.982482,-0.023077
0.982613,0.008404
0.982329,-0.022477
0.982745,-0.068195
0.982469,0.002379
0.982502,-0.000680
0.983245,0.067842
0.982390,0.034137
0.993405,0.000006
0.982427,-0.007987
0.982396,0.004753
0.990830,0.004929
0.982291,-0.023011
0.982266,0.038464
0.982730,-0.021797
0.982519,0.190629
0.984243,-0.076236
0.982462,-0.017111
0.982305,0.009419
0.981616,-0.000047
0.982174,-0.003167
0.982718,0.030847
0.982244,0.087412
0.982672,0.106692
0.982312,0.026944
0.982436,-0.012385
0.982375,0.001244
0.982575,0.086235
0.982972,-0.009921
0.982369,-0.017815
0.982464,0.010079
0.991017,-0.048620
0.992808,0.025282
0.982436,-0.017598
0.982584,-0.004723
0.982163,0.008711
0.982928,-0.030624
0.983119,-0.008422
0.982420,-0.018934
0.982136,0.005633
0.981501,-0.024477
0.982365,0.309934
0.982425,-0.005666
0.996857,-0.041523
0.981618,0.080609
0.982438,0.032110
0.982349,-0.003216
0.982537,-0.040257
0.982819,0.039224
0.982313,0.065597
0.982508,-0.017185
0.982569,-0.015606
0.982638,-0.039456
0.982379,-0.041580
0.982397,0.001134
0.981754,0.026406
0.994719,-0.037275
0.982387,-0.032252
0.982400,0.009262
0.982710,-0.033834
0.982295,-0.067140
0.982030,-0.055830
0.982226,-0.004510
0.982485,-0.033718
0.983247,-0.055771
0.982418,0.007975
0.982385,-0.022999
0.982340,-0.057326
0.981839,-0.000716
0.982370,0.005313
0.982441,-0.022918
0.982095,-0.006656
0.982317,-0.042000
0.982384,-0.026307
0.982323,0.002200
0.982384,0.028263
0.983201,0.033237
0.982109,0.018836
0.982396,0.009311
0.982421,-0.038608
0.982516,0.021669
0.982327,-0.023751
0.982458,-0.024677
0.982106,0.058400
0.982641,0.001495
0.982419,0.011839
0.982428,0.099130
0.982445,0.027299
0.983125,-0.039342
0.982341,-0.004127
0.982372,-0.022716
0.996235,0.062997
0.982078,0.071589
0.982427,0.001703
0.982433,-0.026489
0.982559,-0.026273
0.982858,0.051486
0.982411,-0.016754
0.982890,-0.012832
0.982396,-0.046848
0.982394,-0.003277
0.982351,0.023187
0.982870,0.023824
0.982436,-0.004950
0.982039,-0.010146
0.982402,-0.010442
0.982405,0.004746
0.981953,0.016338
0.982668,-0.026064
0.982643,-0.027864
0.982387,0.021977
0.982380,0.007064
0.982404,0.040958
0.982543,-0.002228
0.982506,-0.001636
0.982610,0.043262
0.982652,-0.049118
0.982337,0.000573
0.982399,0.009122
0.982237,-0.026007
0.994797,0.014190
0.982416,-0.001207
0.982301,0.026694
0.999580,0.013589
0.982510,-0.018657
0.982366,-0.017878
0.982730,0.016107
0.982442,-0.000202
0.982526,0.036814
0.982354,0.024274
0.982505,-0.109387
0.982402,-0.027630
0.982412,0.011403
0.982561,-0.013617
0.982686,0.069992
0.991937,-0.033601
0.982888,0.092214
0.982364,0.007467
0.982367,0.002699
0.982342,-0.032362
0.982145,0.004863
0.982321,0.010366
0.982327,0.014554
0.982527,-0.014061
0.982182,0.056236
0.982446,0.058535
0.982419,0.021360
0.982462,0.001417
0.982303,0.019492
0.982348,-0.009057
0.982439,0.002697
0.984194,-0.117353
0.997703,-0.061482
0.982394,0.003220
0.982366,0.002960
0.981937,0.022677
0.982641,0.097501
0.982399,-0.034804
0.983268,0.009293
0.985169,0.085235
0.985384,-0.067801
0.986105,-0.005926
0.982362,0.031331
0.982051,-0.027176
0.982628,0.025073
0.982396,0.010180
0.982190,0.029007
0.986042,-0.041226
0.994884,-0.003552
0.982347,-0.010784
0.982364,0.007363
0.982933,-0.003303
0.981660,0.013171
0.982106,-0.045707
0.982364,0.008094
0.982593,0.066221
0.988190,-0.073694
0.982122,-0.032260
0.982431,0.032763
0.982501,0.024046
0.982546,-0.027853
0.982413,-0.035635
0.982501,0.031521
0.982483,-0.017173
0.982364,0.064959
0.982484,0.025043
0.982448,0.010476
0.983014,0.005056
0.982413,0.079228
0.982322,-0.003439
0.982314,-0.001684
0.983898,0.035225
0.982188,-0.003122
0.982671,-0.014191
0.982508,-0.005326
0.983440,0.033997
0.981832,-0.084163
0.982440,-0.013234
0.982682,0.018692
0.982479,-0.018437
0.993295,-0.079157
0.982328,-0.001217
0.982438,-0.033069
0.998128,0.021407
0.982449,0.003644
0.982471,0.011144
0.982131,-0.011621
0.983825,0.011433
0.994041,-0.033481
0.982400,-0.006120
0.982371,0.114117
0.982385,0.029227
0.982505,0.087638
0.982559,-0.019289
0.982480,0.017072
0.982321,0.006569
0.982333,0.089236
0.982431,-0.002593
0.982525,0.010101
0.982107,-0.115757
0.982015,-0.032916
0.981892,-0.035302
0.982733,0.088155
0.982631,0.143940
0.982373,-0.109497
0.982447,-0.002450
0.982520,0.077684
0.981940,0.030102
0.987008,-0.054929
0.982316,-0.008777
0.982266,-0.020058
0.982060,-0.056595
0.982276,-0.004758
0.982406,0.004749
0.982411,-0.000491
0.997229,0.006450
0.982555,0.019577
0.982341,0.023723
0.982414,0.000539
0.981871,0.053531
0.982369,-0.017795
0.982315,0.012579
0.982524,0.031984
0.982337,0.015754
0.982519,-0.027079
0.982534,-0.012381
0.982781,-0.024945
0.982284,0.039662
0.982463,-0.008326
0.982307,-0.005831
0.982327,0.001380
0.982422,0.036760
0.981846,-0.026464
0.982540,-0.020578
0.982272,0.000730
0.982106,0.026260
0.982848,-0.012686
0.982731,-0.016280
0.982310,-0.054915
0.983069,0.054104
0.983211,-0.107393
0.982502,0.001059
0.982529,0.019559
0.981607,-0.027219
0.988524,-0.036283
0.982376,0.010909
0.982341,-0.005332
0.982486,0.055911
0.982134,-0.007857
0.982338,-0.008083
0.982421,-0.000196
0.982806,0.038245
0.982482,-0.106190
0.982358,0.061399
0.982218,0.031515
0.983195,0.068679
0.982665,-0.091967
0.982172,0.013012
0.982203,0.023686
0.982368,-0.009008
0.982337,-0.017104
0.982397,0.001364
0.982447,-0.008177
0.982643,-0.013308
0.982145,-0.018636
0.982179,0.014324
0.982574,0.025578
0.982596,0.007233
0.982441,-0.029580
0.982421,0.010526
0.982455,-0.016469
0.981289,0.109940
0.982214,-0.033421
0.982346,-0.036337
0.982421,-0.003027
0.982474,-0.015321
0.982376,0.039093
0.982381,-0.003332
0.982379,-0.005127
0.991144,-0.008730
0.982373,-0.015923
0.981534,-0.011260
0.982312,0.010668
0.982181,0.013411
0.981460,-0.069340
0.982415,-0.008036
0.982577,0.022108
0.990422,0.075999
0.983038,-0.098548
0.982495,-0.075632
0.981927,0.070548
0.981997,-0.006115
0.982505,0.027278
0.982405,-0.011975
0.982419,-0.003861
0.982402,-0.061002
0.982363,-0.009854
0.982458,0.020733
0.982301,-0.000721
0.983027,0.065411
0.982467,0.038268
0.982365,0.004711
0.982293,-0.026803
0.981881,0.056021
0.982930,-0.015679
0.982503,0.018273
0.982264,-0.034961
0.982417,-0.015126
0.982305,-0.044288
0.982330,-0.003113
0.982471,0.003886
0.982949,0.000612
0.982321,-0.011693
0.982546,0.008580
0.983029,0.074021
0.982388,-0.018907
0.982904,-0.106059
0.982349,-0.000597
0.982389,0.017185
0.984878,0.025731
0.982552,0.005749
0.990117,0.058556
0.982558,-0.051609
0.982878,-0.067645
0.998565,-0.052876
0.982360,-0.004614
0.982334,0.011688
0.982787,0.014836
0.982161,-0.032395
0.982307,0.047670
0.982514,-0.027722
0.984229,0.025844
0.982440,0.085282
0.982386,0.008121
0.982392,-0.011485
0.982570,0.023322
0.981967,-0.088980
0.982653,0.005930
0.982376,-0.009379
0.982592,0.008439
0.982415,0.046636
0.982312,0.006417
0.982376,-0.015142
0.991410,-0.004024
0.982351,0.006359
0.982190,0.023475
0.982742,0.024814
0.982701,0.197352
0.982371,-0.012931
0.982339,-0.004011
0.982714,-0.010574
0.983392,0.051319
0.982782,0.014294
0.982038,-0.052325
0.982412,-0.011296
0.982777,0.006719
0.990015,-0.060176
0.982383,0.021892
0.982306,-0.074075
0.982021,0.000090
0.982360,-0.001549
0.982056,-0.037455
0.982342,0.001326
0.983316,-0.000556
0.982013,-0.096352
0.982459,-0.015450
0.982452,-0.039968
0.981978,0.037522
0.981264,-0.028943
0.982442,-0.007725
0.988103,0.007279
0.982477,0.028874
0.982330,0.010500
0.982350,0.001596
0.982450,-0.005347
0.982428,-0.041090
0.982295,-0.031709
0.982500,-0.083984
0.982177,0.008794
0.982269,-0.001303
0.982438,-0.007811
0.982386,0.012933
0.982312,0.003824
0.982037,0.044571
0.982718,-0.006545
0.982412,-0.005104
0.982524,0.026457
0.982181,0.013834
0.995009,-0.028230
0.982385,0.010761
0.982584,-0.014399
0.990425,0.057917
0.982582,-0.007218
0.982654,0.005300
0.982531,0.003266
0.982371,0.012738
0.982523,0.061255
0.982457,0.003143
0.982702,0.100186
0.982449,-0.000785
0.982768,-0.074927
0.982591,-0.107370
0.982432,-0.114565
0.982470,0.000494
0.982278,-0.019034
0.982390,0.000003
0.982404,0.002729
0.982175,-0.024081
0.982418,-0.056865
0.982771,0.040481
0.982399,-0.022643
0.982342,-0.010403
0.982270,-0.057716
0.982430,-0.030397
0.982366,-0.004362
0.982280,-0.095479
0.982336,-0.028904
0.982255,0.061805
0.982920,-0.004714
0.983306,-0.060148
0.982565,0.061827
0.982343,0.012406
0.982441,0.027281
0.986648,0.041517
0.983143,0.097147
0.982577,-0.081973
0.982037,0.076170
0.981888,-0.133740
0.983500,-0.062031
0.982547,-0.025396
0.982435,-0.074227
0.983640,0.018436
0.982657,-0.021650
0.982415,-0.065758
0.982117,-0.046967
0.982079,0.018979
0.984989,-0.012729
0.982439,-0.002323
0.982420,0.011130
0.986102,0.016153
0.981711,0.004835
0.982258,-0.015934
0.982021,0.047491
0.981893,-0.008811
0.988590,-0.065507
0.982372,-0.002735
0.982369,-0.005398
0.982004,-0.080943
0.982142,-0.079780
0.982332,-0.013246
0.982104,0.096192
0.983108,-0.004181
0.982305,-0.110490
0.982347,-0.008689
0.982368,-0.005010
0.982206,0.038351
0.982529,-0.029984
0.982323,0.001269
0.982407,0.007443
0.982377,-0.014790
0.983603,-0.013463
0.982390,0.001053
0.982090,0.006718
0.982160,-0.005586
0.982102,0.085433
0.982519,0.007590
0.984204,-0.036116
0.982360,0.012281
0.985438,-0.021775
0.982346,0.003222
0.982362,-0.019218
0.982171,-0.007435
0.982471,0.000271
0.983117,-0.041129
0.982354,0.069424
0.983014,0.010677
0.985534,-0.055409
0.982369,0.008672
0.982483,0.034768
0.982111,-0.049719
0.982290,-0.076107
0.982376,0.009147
0.982393,-0.022811
0.982692,-0.004646
0.982304,0.036572
0.982404,0.005758
0.982507,-0.040944
0.981947,0.196682
0.983135,-0.005975
0.982855,-0.045776
0.982394,-0.021601
0.981378,0.019732
0.989546,-0.040582
0.982525,-0.007180
0.982333,0.005131
0.982530,0.037581
0.981483,-0.039486
0.982841,0.019787
0.982794,0.066538
0.982163,0.019270
0.997115,-0.018329
0.982334,0.005454
0.982534,-0.009631
0.998031,0.037887
0.982691,0.007057
0.982648,-0.049237
0.982724,0.046693
0.983723,0.011142
0.991917,-0.054424
0.982464,-0.037019
0.982319,0.006906
0.982469,0.027932
0.982383,0.003383
0.982419,0.000216
0.982431,0.030749
0.983041,-0.006258
0.982386,0.101295
0.982303,0.005440
0.982461,0.040339
0.982422,-0.025173
0.982731,0.025203
0.982069,-0.068704
0.982365,-0.045409
0.982448,0.004194
0.982329,-0.152263
0.982488,0.045290
0.982257,0.005629
0.983409,0.000440
0.982477,-0.075691
0.982571,-0.038886
0.982452,0.091871
0.983166,-0.042051
0.981891,0.033153
0.982466,-0.021819
0.982420,0.017138
0.998260,-0.006199
0.982317,0.024874
0.982349,-0.007913
0.982527,0.032723
0.982527,-0.043047
0.982423,-0.031630
0.982001,-0.010206
0.982362,0.010619
0.984093,0.052383
0.982803,-0.042235
0.982578,-0.019290
0.982246,-0.000084
0.982066,0.026982
0.981987,0.009641
0.982519,0.011435
0.982512,-0.023627
0.982685,-0.079260
0.982493,-0.017016
0.982066,0.011124
0.982465,0.019087
0.982417,-0.010824
0.982537,0.022884
0.982413,-0.020474
0.982261,-0.029134
0.982352,-0.010979
0.982426,0.023122
0.982293,0.008370
0.982072,-0.040659
0.982257,0.074630
0.982256,-0.097493
0.982400,0.002523
0.982417,-0.004637
0.982275,-0.021004
0.981995,-0.011290
0.982937,-0.034140
0.983109,0.011831
0.982378,-0.005260
0.985890,-0.002373
0.982352,0.002461
0.982384,-0.010826
0.983944,0.030266
0.982434,-0.032609
0.982421,0.007547
0.982531,-0.016255
0.982544,0.002988
0.990470,-0.011388
0.982526,0.008331
0.982586,0.000416
0.998060,0.017330
0.983665,-0.099259
0.982292,-0.016096
0.982315,-0.040040
0.982321,0.036672
0.982655,0.078508
0.982404,-0.014912
0.982438,0.010615
0.982401,0.010890
0.982067,-0.013806
0.982458,0.000939
0.982363,0.006499
0.982348,-0.029782
0.982203,0.034896
0.982349,-0.007857
0.982482,-0.016353
0.981846,-0.012358
0.982416,0.000913
0.982666,-0.057179
0.982823,0.019029
0.983012,0.046466
0.982403,0.021609
0.982451,0.026324
0.982533,0.016110
0.982315,0.044641
0.982270,-0.023790
0.982403,-0.017056
0.982584,-0.041911
0.982581,-0.012329
0.996862,-0.054588
0.982441,-0.003900
0.982356,0.006199
0.983418,0.012837
0.982366,-0.003013
0.982185,0.004810
0.982390,-0.011724
0.982629,0.018481
0.982393,-0.017425
0.982427,-0.012160
0.982477,0.089188
0.982197,0.020276
0.982580,-0.016208
0.982745,0.009863
0.982214,-0.097892
0.982016,-0.043957
0.982252,0.089208
0.982468,0.009649
0.982375,0.000370
0.982197,-0.024226
0.983370,0.021086
0.982415,-0.006808
0.982433,-0.001371
0.982384,0.001827
0.982594,0.044223
0.982414,-0.022398
0.982820,0.011006
0.982403,0.044356
0.982438,-0.008797
0.982323,0.034447
0.982358,0.049603
0.982202,-0.057548
0.996646,-0.032913
0.982522,-0.010570
0.982413,-0.033955
0.985049,0.051067
0.981955,-0.003135
0.981908,-0.044323
0.981987,-0.010131
0.980901,-0.045778
0.981881,-0.029330
0.982333,0.001190
0.982572,-0.027285
0.982597,-0.049851
0.982377,-0.008927
0.982421,0.003460
0.981495,0.027272
0.982354,0.028972
0.983927,-0.017048
0.982351,-0.004587
0.982405,-0.011883
0.982371,0.018252
0.981612,-0.009125
0.982118,-0.034200
0.982487,-0.016095
0.983133,0.030053
0.983825,-0.021785
0.982479,0.000029
0.982337,0.012325
0.982249,0.159756
0.982446,-0.012456
0.982075,0.002859
0.982321,0.019666
0.983432,-0.038181
0.982235,-0.075685
0.982326,0.000855
0.982456,-0.011551
0.982565,0.015807
0.982404,-0.039399
0.981892,-0.025468
0.981985,0.011982
0.982335,-0.185569
0.985945,-0.058501
0.982420,-0.007815
0.982756,0.017496
0.985270,0.052949
0.984073,-0.024297
0.982365,-0.008062
0.982746,-0.013477
0.982063,0.014467
0.995310,-0.038557
0.982397,-0.001848
0.982314,0.012842
0.997936,0.013619
0.982599,0.003240
0.982181,0.039176
0.982257,-0.007996
0.982262,0.034565
0.986792,-0.048204
0.982225,0.032913
0.982313,0.017517
0.987913,0.040019
0.982307,-0.057084
0.982349,0.008707
0.982876,0.000692
0.982227,0.036693
0.982303,-0.028433
0.982433,0.000185
0.982411,0.031063
0.982306,-0.014530
0.983872,0.027376
0.982875,-0.001620
0.982272,0.021798
0.982948,0.016497
0.982576,-0.165276
0.982348,-0.003090
0.982367,-0.003533
0.990036,0.051843
0.982984,-0.042195
0.982380,-0.021900
0.982233,0.081961
0.982554,0.035671
0.982891,-0.019771
0.982373,-0.011971
0.982438,-0.010481
0.982801,-0.014157
0.982069,-0.016614
0.982496,-0.009682
0.982340,-0.002187
0.986161,0.008437
0.994373,-0.064806
0.982189,-0.000241
0.982358,-0.005804
0.982011,-0.021112
0.982727,0.005492
0.982342,-0.022652
0.982436,0.002651
0.982465,0.022728
0.982164,0.027466
0.982427,0.014371
0.982403,-0.006807
0.982523,-0.026614
0.982286,-0.016420
0.982075,0.009340
0.982362,0.008438
0.981696,0.009359
0.985312,-0.050823
0.982337,0.003506
0.982502,0.020471
0.982868,0.006431
0.982935,-0.082449
0.982610,-0.027505
0.982379,0.030993
0.982993,0.048577
0.998253,-0.032066
0.982388,0.010467
0.982334,-0.011037
0.986601,0.014145
0.981266,-0.003516
0.982433,0.014743
0.982519,-0.010018
0.982610,0.028815
0.982306,-0.036747
0.982344,-0.023755
0.982420,0.017692
0.985575,-0.001127
0.981994,-0.071273
0.982350,0.028612
0.982363,-0.003080
0.982467,-0.119967
0.982152,0.015238
0.982470,-0.032480
0.982507,-0.048114
0.982390,-0.088477
0.982474,-0.008604
0.983182,-0.039199
0.982497,0.025562
0.982387,-0.023593
0.982223,-0.112493
0.982330,0.004417
0.982339,0.010722
0.983141,0.053907
0.987139,-0.038246
0.982453,-0.002827
0.982961,-0.000424
0.982482,-0.039423
0.982145,0.061507
0.982353,-0.000060
0.982380,0.017950
0.983526,-0.024769
0.982485,0.011010
0.982944,-0.007421
0.982524,0.005855
0.982524,0.026426
0.981636,-0.070250
0.982330,0.007166
0.982345,0.002118
0.986659,0.028622
0.982215,0.010622
0.982363,-0.005558
0.982595,0.080681
0.982406,0.008552
0.982218,0.073379
0.982399,0.001768
0.982536,0.020213
0.982487,0.016411
0.982397,-0.025489
0.982456,-0.011707
0.982084,0.039650
0.982437,0.023234
0.982454,-0.022651
0.982354,-0.007722
0.982469,0.118449
0.981763,0.043718
0.983334,-0.024968
0.982253,0.016636
0.982414,-0.014846
0.982373,-0.003653
0.982666,-0.028276
0.982507,-0.012091
0.982420,0.011405
0.986016,0.019437
0.983127,0.068640
0.982381,-0.000097
0.982338,-0.009934
0.981810,-0.034790
0.981662,-0.008428
0.982228,0.015541
0.982465,-0.011713
0.984339,0.054765
0.982313,-0.007154
0.982193,0.050259
0.982400,-0.072208
0.982142,-0.152623
0.983697,-0.015150
0.982323,-0.010184
0.982342,0.007354
0.982123,-0.054541
0.982430,-0.007912
0.984572,0.054484
0.982358,0.025574
0.982064,0.037419
0.982355,-0.007859
0.982021,0.018492
0.982018,-0.003048
0.982114,0.079247
0.983130,-0.087214
0.982298,-0.003385
0.982505,0.017328
0.982250,-0.007037
0.982317,-0.117239
0.982388,0.005956
0.982454,0.002478
0.999241,-0.011259
0.982476,0.023263
0.981999,-0.063363
0.982918,0.009760
0.980807,0.033863
0.982816,-0.040303
0.982479,0.009508
0.982324,-0.005706
0.983104,0.048834
0.982444,-0.006506
0.982116,-0.014378
0.982227,-0.016757
0.982752,-0.094883
0.986526,-0.029114
0.982330,0.005346
0.982376,0.002594
0.982193,-0.018570
0.983031,0.218049
0.982461,0.003876
0.981989,0.019967
0.983618,0.014383
0.981933,-0.036968
0.982403,-0.004064
0.982403,-0.007162
0.981254,0.110848
0.981154,-0.049558
0.982193,0.002410
0.982886,-0.047524
0.982350,-0.016177
0.982246,-0.099434
0.982375,0.005437
0.982413,-0.007097
0.982132,0.093500
0.982387,-0.007714
0.982729,-0.009754
0.982342,0.017655
0.981357,0.059204
0.982465,-0.069216
0.982387,-0.004947
0.982401,0.011810
0.982161,-0.093011
0.981994,0.044841
0.982872,0.089025
0.982141,0.008640
0.982306,0.019585
0.986762,-0.003103
0.982440,-0.007219
0.983414,0.055470
0.982172,0.028705
0.981166,-0.018186
0.982462,-0.046640
0.982358,0.003368
0.982689,0.009257
0.982437,0.032454
0.982363,0.003442
0.982578,0.050958
0.981968,-0.001160
0.983050,-0.075394
0.982766,-0.002983
0.981754,-0.047884
0.982621,0.000354
0.982104,-0.048499
0.982377,-0.006195
0.982394,-0.009514
0.981964,0.055488
0.982484,0.014530
0.982438,0.019841
0.982414,-0.003844
0.981871,-0.029824
0.982186,0.006392
0.982543,0.011665
0.982343,0.008755
0.982442,0.028203
0.982048,-0.069171
0.981771,-0.017555
0.982252,-0.040208
0.982747,0.045495
0.981974,-0.051257
0.982409,0.021229
0.982330,0.004173
0.997781,0.059104
0.982790,0.006857
0.982610,0.003327
0.982324,0.005955
0.982382,-0.012531
0.982295,-0.033525
0.982566,0.010577
0.982323,-0.000430
0.982581,0.013923
0.982922,0.011163
0.982548,0.034645
0.982423,-0.003878
0.982135,0.017963
0.982117,0.002286
0.982346,-0.009318
0.982377,-0.035983
0.982200,0.005509
0.982320,-0.000616
0.981984,-0.044042
0.982592,-0.033185
0.982312,0.013272
0.982205,0.012989
0.982370,-0.003333
0.982623,0.026747
0.982371,-0.054582
0.982218,-0.023291
0.982329,-0.043845
0.982584,0.159730
0.982616,0.012700
0.982257,-0.055546
0.982366,0.448125
0.982518,0.031176
0.980690,-0.038289
0.982445,-0.009668
0.982355,0.016316
0.982471,0.014918
0.982430,-0.029811
0.988581,-0.050289
0.982300,0.032964
0.982114,0.057436
0.981920,0.027862
0.982467,0.033323
0.982226,-0.014827
0.982709,-0.025337
0.982965,-0.097151
0.997832,-0.015285
0.982411,0.007568
0.982323,0.006671
0.982301,-0.046786
0.982389,0.001820
0.983879,-0.102022
0.982966,-0.039089
0.981901,0.001718
0.982432,-0.023886
0.982100,0.029711
0.982382,0.037441
0.982350,-0.037967
0.983332,-0.054560
0.983096,-0.000201
0.982547,0.000410
0.982395,0.001786
0.981616,-0.055304
0.982362,-0.009446
0.982466,0.010386
0.982096,0.105004
0.982442,-0.011793
0.982051,-0.012759
0.982609,0.039028
0.982344,-0.000721
0.983240,-0.057997
0.982436,-0.003143
0.987005,0.001777
0.982313,-0.006059
0.982795,0.054010
0.982378,-0.018191
0.982157,0.006739
0.982507,0.034822
0.996672,-0.003411
0.982439,0.022034
0.982413,0.043994
0.997756,0.028835
0.983056,-0.020199
0.982050,-0.048775
0.981915,0.110683
0.982401,0.065446
0.985214,-0.060350
0.982578,-0.026538
0.982471,-0.019931
0.988754,0.040439
0.982262,0.001140
0.982269,-0.055686
0.982217,0.155317
0.982583,-0.007561
0.982343,0.040067
0.982362,-0.011209
0.982305,0.000108
0.982506,0.064889
0.983520,-0.012555
0.982424,0.013397
0.982348,0.010077
0.982195,-0.094988
0.987618,-0.001683
0.982313,-0.000965
0.982507,0.065487
0.981993,0.033721
0.983235,-0.062743
0.982488,-0.017941
0.982245,0.033430
0.982454,-0.003203
0.982454,-0.015083
0.983708,-0.005375
0.982419,-0.000547
0.998640,-0.013505
0.982221,-0.018547
0.982438,0.013296
0.982911,0.002841
0.982733,-0.023129
0.982376,0.009021
0.982637,0.000406
0.982653,0.016380
0.981876,0.040393
0.981719,-0.057710
0.982422,-0.023629
0.982315,-0.034165
0.982145,0.047005
0.981882,-0.036251
0.982490,0.008270
0.982409,-0.090032
0.982006,-0.012517
0.982733,-0.006949
0.981874,0.040742
0.982050,0.048733
0.982499,-0.011660
0.982434,-0.058519
0.982334,0.003457
0.982714,0.009483
0.982429,-0.027173
0.982569,0.007967
0.982445,-0.010603
0.982773,0.037015
0.982278,0.007310
0.984105,-0.087242
0.982376,0.013271
0.982326,0.013597
0.983526,0.011463
0.982383,0.047037
0.982854,-0.046065
0.982341,-0.021286
0.982367,-0.012778
0.982397,-0.012437
0.983234,0.004380
0.982569,-0.028938
0.981975,0.066029
0.982090,-0.018773
0.982423,0.001508
0.982060,-0.024983
0.982546,0.009268
0.983704,-0.007257
0.982557,-0.020745
0.982399,0.010552
0.993595,0.048929
0.983172,0.122825
0.982435,-0.020929
0.983218,0.053085
0.982361,-0.017478
0.982161,0.130100
0.982482,-0.014552
0.982522,-0.011060
0.982418,-0.003378
0.982356,-0.013182
0.982374,-0.006798
0.982521,-0.017282
0.982346,0.008819
0.982632,-0.010990
0.982453,0.002478
0.982399,-0.006147
0.983091,-0.000953
0.982541,-0.020036
0.982709,-0.106784
0.982552,-0.004843
0.982532,0.007011
0.982580,0.048497
0.982499,-0.001319
0.982610,0.010294
0.981530,-0.010804
0.981750,-0.011288
0.982410,-0.014466
0.982487,0.028743
0.982550,-0.000429
0.993836,-0.032951
0.982327,-0.011695
0.982437,-0.021820
0.991266,0.027411
0.982370,-0.013393
0.982322,-0.047998
0.982494,-0.026373
0.982470,0.011409
0.982402,0.020786
0.982424,-0.009149
0.982585,-0.012074
0.982439,-0.004124
0.982422,-0.003082
0.982464,-0.012565
0.982569,-0.033488
0.982684,-0.001368
0.982266,0.052074
0.982347,-0.008784
0.982467,-0.019633
0.982315,-0.065599
0.982061,-0.029589
0.982417,-0.004991
0.982326,0.006191
0.982469,-0.025589
0.982272,0.025680
0.982238,-0.003953
0.982447,-0.010265
0.982415,0.035182
0.982548,0.004975
0.982536,-0.012035
0.982359,0.010190
0.982810,-0.069599
0.998766,-0.049727
0.982549,0.037607
0.982506,-0.005295
0.983481,0.026113
0.982607,-0.070997
0.982858,0.009459
0.981991,0.068856
0.981333,-0.041225
0.992740,-0.045650
0.982322,0.003108
0.982404,0.013907
0.982313,-0.038133
0.982367,-0.000830
0.982723,-0.039511
0.982352,0.050252
0.981633,-0.041798
0.987042,0.012100
0.982382,-0.001222
0.982397,-0.016849
0.982073,-0.016324
0.983072,0.031936
0.982390,-0.014986
0.982407,0.006289
0.983479,0.045073
0.983890,-0.081181
0.982506,0.039047
0.982361,0.011423
0.982631,0.043357
0.982355,0.014433
0.982604,-0.011228
0.982383,0.005224
0.982274,0.050381
0.982403,-0.014040
0.982440,0.007179
0.982445,0.002910
0.983077,0.017238
0.982103,-0.057205
0.982838,0.072107
0.982367,-0.003972
0.981265,-0.014280
0.987792,-0.012726
0.982346,-0.022005
0.982296,-0.036007
0.985787,0.043709
0.981718,-0.096708
0.982592,0.003147
0.982439,-0.018358
0.982470,-0.015493
0.996382,-0.045388
0.982387,0.015797
0.982330,-0.009218
0.998029,0.022994
0.982441,0.004808
0.982462,-0.003746
0.982371,0.003257
0.983196,0.027170
0.995149,-0.048789
0.982513,0.011699
0.982587,0.019686
0.985653,0.020670
0.981312,0.010080
0.982450,0.017788
0.982742,0.050933
0.982285,0.029243
0.982434,0.111099
0.982379,-0.004806
0.982499,-0.017786
0.982392,-0.040389
0.981922,0.099852
0.982369,0.319396
0.981979,0.006818
0.983301,-0.043682
0.982304,-0.123439
0.982324,-0.009850
0.982375,0.007150
0.983783,0.052044
0.983404,-0.056418
0.982349,0.001948
0.982623,0.013928
0.982260,0.006653
0.982157,-0.046810
0.982351,0.147735
0.982387,-0.007306
0.999800,0.024241
0.981545,-0.102499
0.983471,0.011551
0.982401,-0.007667
0.982634,0.065007
0.993358,-0.024881
0.982725,0.004297
0.982383,0.009058
0.983113,0.039077
0.983063,-0.010190
0.982462,0.014014
0.982454,-0.043928
0.982034,-0.014608
0.982518,-0.012516
0.982196,-0.076988
0.982353,-0.005534
0.982388,0.055911
0.982060,-0.043964
0.982362,0.000888
0.982435,-0.022458
0.982618,0.026429
0.989324,-0.061988
0.982567,-0.005243
0.982195,0.031173
0.995470,0.055459
0.983178,-0.067707
0.982424,-0.028948
0.982560,-0.009929
0.982259,0.020966
0.991459,-0.065057
0.982397,0.001707
0.982417,0.010758
0.982746,0.010039
0.982272,-0.054606
0.982455,-0.011638
0.982347,-0.001366
0.982321,0.037144
0.982028,-0.060563
0.982556,0.012247
0.982623,-0.068514
0.982465,0.044362
0.982833,-0.079988
0.986108,0.015571
0.982528,-0.039811
0.982475,-0.003850
0.982011,0.025090
0.982371,-0.008959
0.982504,-0.015530
0.982295,-0.047996
0.982415,-0.036379
0.982700,0.027361
0.982604,-0.015170
0.982521,-0.013381
0.984254,-0.021545
0.982385,0.003431
0.982346,0.012491
0.982057,0.019877
0.983711,-0.015811
0.982368,-0.010034
0.982336,-0.005749
0.982352,-0.011315
0.982369,0.068972
0.982399,-0.004841
0.982422,-0.023905
0.995461,0.001966
0.982427,-0.036105
0.982539,-0.038257
0.982316,-0.117766
0.982849,0.028257
0.981025,-0.087060
0.982345,-0.004259
0.982891,0.037035
0.989033,0.065926
0.981742,-0.210423
0.982788,-0.023414
0.981745,0.043052
0.982844,-0.004777
0.982562,0.083116
0.982390,0.007493
0.982489,0.007150
0.982350,-0.046722
0.982347,0.010562
0.986408,0.012763
0.982282,0.092763
0.983067,-0.005124
0.982380,0.025147
0.982399,-0.004852
0.982191,0.008438
0.982411,0.078261
0.982872,-0.216105
0.983015,-0.050000
0.982435,0.009986
0.982933,0.004429
0.984057,-0.042074
0.982331,-0.000337
0.982368,0.001525
0.981887,-0.025212
0.982201,-0.017834
0.982383,0.011183
0.982398,-0.045964
0.984012,0.007582
0.983303,-0.131544
0.982349,0.022210
0.982458,-0.004885
0.987530,0.040569
0.982390,-0.029127
0.982541,0.014175
0.982368,-0.030905
0.984867,-0.098288
0.994826,-0.044581
0.982441,0.020538
0.982541,-0.029348
0.982531,0.002368
0.982569,-0.090501
0.982708,0.056469
0.982534,-0.044313
0.981863,0.004359
0.982489,0.051883
0.982497,0.004148
0.982482,0.021884
0.982096,0.031915
0.982350,-0.042911
0.982872,-0.031185
0.982449,0.019903
0.982366,0.015692
0.982330,0.092529
0.982404,0.021338
0.982346,0.000077
0.997858,0.018756
0.982536,0.010522
0.982660,0.011798
0.982578,-0.062041
0.983219,0.182441
0.982421,0.006603
0.982371,-0.002551
0.982455,0.042292
0.984133,0.038196
0.982679,0.027032
0.989335,0.035635
0.982639,0.009610
0.981714,-0.029101
0.997784,-0.042537
0.982393,0.057113
0.982365,0.008416
0.982556,-0.033212
0.983819,0.023820
0.983384,-0.024929
0.982427,0.014022
0.981590,0.045976
0.981752,-0.120850
0.983824,0.005262
0.982321,-0.002020
0.982581,0.022721
0.981266,0.002961
0.982479,0.018353
0.982289,0.031434
0.982354,-0.011677
0.982258,-0.057875
0.982442,-0.012740
0.982435,-0.017927
0.982008,-0.010457
0.982371,0.006160
0.983607,0.049157
0.982672,0.026387
0.982248,0.006831
0.982223,-0.039957
0.982356,-0.009765
0.982341,-0.006896
0.984517,0.132041
0.982727,-0.016210
0.982460,-0.001432
0.982350,-0.008117
0.983995,0.042058
0.988649,-0.023578
0.982363,-0.006873
0.990611,-0.091374
0.989275,0.032105
0.982251,-0.091867
0.983381,-0.077766
0.982487,0.017487
0.982630,0.048660
0.982789,0.066588
0.982346,0.013843
0.982103,0.021963
0.982731,0.028109
0.982857,-0.040601
0.982469,0.016820
0.989065,0.034793
0.983450,-0.058180
0.982476,0.115853
0.982375,-0.023123
0.982336,-0.002429
0.982375,0.056770
0.982488,-0.006100
0.982554,0.007796
0.982607,0.065810
0.982197,-0.150341
0.983176,-0.027020
0.982113,0.045703
0.982328,0.002376
0.982459,-0.031196
0.981451,0.082663
0.981981,0.012876
0.982459,-0.006151
0.982238,0.052748
0.982657,-0.145650
0.982365,-0.005224
0.982341,0.000428
0.996839,0.051010
0.982771,-0.053002
0.982511,0.007222
0.982725,-0.045287
0.982920,0.016618
0.986707,-0.065147
0.982526,0.014656
0.982411,0.007298
0.982088,-0.004039
0.982287,-0.015489
0.982327,0.039288
0.982658,-0.020049
0.982186,-0.003739
0.982506,-0.003571
0.982397,-0.028595
0.982406,0.010346
0.982819,-0.018788
0.982465,-0.026706
0.983546,-0.101020
0.982305,-0.014411
0.982275,-0.165388
0.982870,-0.066186
0.982362,-0.003243
0.982423,-0.018224
0.982755,-0.067795
0.982806,-0.084414
0.982262,-0.016895
0.982145,-0.014385
0.982722,0.001790
0.982206,-0.121113
0.982561,-0.011546
0.982370,0.005148
0.982586,0.036303
0.982426,-0.008061
0.982306,0.004347
0.982392,-0.045087
0.982477,0.016122
0.990978,-0.018519
0.982449,-0.010904
0.982598,0.017875
0.982252,0.004295
0.982536,-0.009672
0.982127,0.052157
0.982493,-0.016910
0.982424,0.002618
0.998115,-0.013548
0.982413,-0.011635
0.982392,0.007380
0.982275,0.006016
0.982348,-0.007638
0.981813,-0.024943
0.982348,-0.044840
0.982128,0.022323
0.985362,-0.049530
0.982474,0.017999
0.982490,0.028322
0.982491,-0.090481
0.982449,-0.050122
0.987551,0.130543
0.982498,0.018553
0.982764,0.014907
0.982266,-0.127926
0.982399,0.001295
0.982354,-0.016536
0.983518,-0.031402
0.982500,-0.009675
0.982362,0.021780
0.982590,0.037830
0.981957,-0.030994
0.985194,-0.049086
0.982458,0.018672
0.982337,-0.003979
0.982667,0.010255
0.981867,-0.034925
0.982631,-0.014693
0.982260,-0.007159
0.982445,0.001972
0.990509,-0.007757
0.982400,-0.010373
0.982338,0.002776
0.998346,0.035154
0.982371,-0.006453
0.982699,0.005150
0.982332,0.018607
0.982063,-0.064242
0.987580,-0.091745
0.982302,0.005420
0.982384,-0.002545
0.982305,0.007527
0.982198,-0.024332
0.982604,0.006165
0.982574,0.012664
0.982280,-0.106779
0.982025,0.159536
0.982314,0.004747
0.982355,0.009411
0.982408,0.021735
0.982584,-0.029812
0.982254,-0.030008
0.982440,0.003527
0.982254,0.043310
0.984690,-0.031015
0.982369,-0.009740
0.982271,-0.043901
0.982288,0.016744
0.981476,-0.027487
0.982352,0.006897
0.981850,0.071940
0.982324,0.026061
0.982238,0.003454
0.982434,-0.128810
0.982353,-0.001280
0.998239,0.004080
0.982352,0.002405
0.982438,0.023450
0.982292,0.035427
0.982535,-0.010800
0.982203,-0.054523
0.982687,0.002031
0.982337,-0.013402
0.995324,0.087420
0.982129,0.031535
0.982190,-0.052686
0.981945,0.020309
0.982650,0.015744
0.982123,-0.004645
0.982402,-0.007233
0.982347,0.013190
0.982383,-0.102865
0.982420,0.001268
0.983094,-0.007062
0.982351,-0.012955
0.982609,0.003895
0.982932,0.073503
0.982584,0.040539
0.982342,-0.002660
0.982462,0.016670
0.982367,-0.014344
0.982536,-0.012057
0.982522,0.003758
0.982121,0.031524
0.982025,-0.091772
0.982352,-0.008613
0.982518,-0.004110
0.981497,-0.001164
0.982098,0.051801
0.982384,0.010659
0.982598,-0.010004
0.982476,-0.021624
0.982226,-0.060526
0.982325,0.028295
0.982367,-0.001169
0.981538,0.021877
0.983203,0.004435
0.982648,0.003335
0.982189,0.010978
0.982508,0.026355
0.992042,-0.020454
0.982442,0.001689
0.982404,0.000056
0.982992,0.010351
0.981710,0.047545
0.982439,-0.029960
0.983475,0.034908
0.982448,-0.001283
0.982458,0.061016
0.982451,-0.001916
0.982323,0.005041
0.982480,0.004733
0.982342,-0.020884
0.982542,0.003765
0.982358,0.000416
0.982843,0.026130
0.982315,0.007701
0.982397,0.004823
0.982375,0.010864
0.984877,-0.001014
0.982435,-0.020734
0.991205,-0.007191
0.982075,0.069938
0.981158,0.019214
0.982410,-0.008514
0.982362,-0.001865
0.982563,-0.061643
0.982199,0.066756
0.982999,0.028993
0.982537,-0.012614
0.982542,0.034215
0.982468,-0.026618
0.996458,-0.070640
0.982428,-0.003444
0.982395,0.007182
0.982452,0.015600
0.982375,0.023833
0.982138,-0.036046
0.982402,0.022457
0.982140,0.038180
0.982418,-0.023807
0.982503,-0.013919
0.982200,0.017324
0.982763,0.028990
0.982223,-0.015415
0.982351,-0.005410
0.982137,-0.012768
0.982428,0.021311
0.982324,0.071101
0.982454,0.016589
0.982405,-0.001382
0.982399,-0.047133
0.982509,-0.000266
0.982689,0.021586
0.982466,0.027799
0.982546,0.029677
0.982328,0.042657
0.982461,0.000214
0.982730,0.063231
0.981822,0.050971
0.982879,-0.020186
0.982390,0.009035
0.983151,0.060923
0.982323,0.028385
0.994715,-0.033610
0.982388,0.007127
0.982353,-0.001788
0.995389,0.029586
0.982094,-0.060044
0.982476,0.040452
0.982610,0.004454
0.981966,0.032009
0.981985,0.033240
0.982460,-0.007612
0.982838,-0.023040
0.982415,-0.000115
0.982485,-0.003253
0.982293,-0.045071
0.982188,0.012629
0.983135,0.041094
0.982332,-0.005299
0.982348,-0.001792
0.982352,0.000114
0.982461,0.028765
0.982410,0.042241
0.982343,-0.215922
0.982244,0.020786
0.982555,0.018009
0.985585,-0.082725
0.982405,-0.023867
0.992009,-0.001759
0.982683,0.013943
0.982796,0.092032
0.982392,0.025563
0.982578,0.041005
0.982300,-0.028692
0.982997,-0.104527
0.982323,0.000354
0.982391,0.033635
0.983431,0.009982
0.981747,-0.016401
0.981977,-0.064254
0.982965,0.124969
0.982441,-0.115428
0.988759,-0.055288
0.982457,0.010042
0.982451,0.013407
0.984533,0.015569
0.982212,-0.004030
0.982417,-0.025330
0.982638,-0.008815
0.980895,-0.028460
0.987362,-0.002719
0.982346,0.000551
0.982376,-0.011073
0.998607,0.016492
0.982305,-0.029568
0.991756,0.051019
0.981956,0.014845
0.982277,0.037796
0.983231,-0.075522
0.982445,-0.002361
0.982322,0.000155
0.982468,-0.026746
0.982147,-0.100606
0.982369,-0.034468
0.983314,-0.008313
0.985595,0.020165
0.982400,-0.067821
0.982333,0.003316
0.982350,-0.001812
0.982374,0.036780
0.982187,-0.013543
0.982331,0.030643
0.982622,-0.012848
0.982615,-0.009534
0.982924,-0.044433
0.982343,0.016678
0.982433,0.014082
0.982306,0.000027
0.982322,-0.016652
0.982403,-0.019797
0.982278,-0.005620
0.982508,-0.011564
0.983090,-0.031996
0.982406,-0.010301
0.982382,-0.013312
0.981841,-0.005474
0.982428,-0.036672
0.982422,0.005240
0.982472,0.017349
0.982834,0.006933
0.982430,-0.066266
0.982299,0.004783
0.982586,-0.015035
0.981755,-0.021604
0.983117,-0.032773
0.982447,-0.023437
0.982359,-0.011460
0.981959,-0.074620
0.982405,0.064123
0.982499,-0.017570
0.982413,0.039228
0.982123,0.070788
0.983115,-0.039443
0.982241,0.017190
0.982436,-0.000050
0.982711,0.027537
0.988278,-0.044609
0.982328,0.006397
0.982365,0.011387
0.982853,0.011930
0.982131,-0.072382
0.981907,-0.074124
0.983326,0.018978
0.981771,-0.032496
0.998927,-0.019266
0.982377,0.007099
0.982319,-0.004561
0.997873,-0.013651
0.982493,0.040299
0.982361,-0.004300
0.982412,0.013645
0.982557,-0.008882
0.983894,-0.020910
0.982348,0.008268
0.982371,0.002591
0.982061,0.027825
0.983138,-0.039980
0.982418,0.015233
0.982603,0.019326
0.982888,0.034355
0.982112,0.085027
0.982412,-0.005172
0.982372,0.031065
0.982336,-0.047880
0.982241,-0.005055
0.982681,-0.052345
0.981878,-0.074750
0.982387,-0.010911
0.982034,-0.089808
0.982329,0.010496
0.982350,-0.002813
0.996183,0.004495
0.984347,-0.087559
0.982336,0.066103
0.982847,0.075048
0.985033,-0.016460
0.982206,0.008834
0.982415,-0.017052
0.982394,-0.011096
0.981546,-0.022868
0.982558,0.019677
0.983046,0.074890
0.982542,-0.034760
0.983359,0.031205
0.982179,-0.016724
0.982426,-0.024599
0.982428,-0.012971
0.982089,0.022187
0.982439,-0.000920
0.982391,-0.002650
0.982407,0.031428
0.982396,-0.009568
0.982620,0.096985
0.982326,-0.016804
0.982339,-0.010642
0.982362,0.037915
0.981587,0.025890
0.982264,-0.039675
0.982238,0.004848
0.982171,0.063335
0.982646,-0.062813
0.982442,-0.022550
0.982357,0.004679
0.982684,0.046864
0.982681,0.047165
0.982241,0.048836
0.982516,-0.012890
0.982390,0.004585
0.985050,-0.049837
0.982390,0.001274
0.982328,-0.006031
0.990089,-0.001235
0.982536,-0.020415
0.982387,-0.014137
0.982348,0.021635
0.981341,0.021540
0.982208,-0.030983
0.982357,0.021545
0.982568,-0.009225
0.984208,0.037309
0.982881,-0.025994
0.981961,0.055887
0.982431,0.000003
0.982953,0.113504
0.982878,0.022180
0.982352,0.004632
0.982423,-0.013393
0.982211,0.026222
0.982058,-0.066689
0.982585,-0.081464
0.982525,0.034519
0.982505,0.045083
0.982491,-0.070148
0.982619,0.027010
0.981802,0.021993
0.982078,0.053207
0.983984,-0.063459
0.982619,-0.035949
0.982500,-0.009104
0.982962,0.063058
0.982452,-0.106543
0.982322,0.034294
0.982388,-0.012576
0.998344,0.005940
0.982355,-0.016118
0.981672,0.094418
0.982553,0.000897
0.980813,0.058549
0.982715,-0.126368
0.982464,0.082221
0.982406,0.008052
0.983215,0.008449
0.982359,-0.000656
0.982493,-0.021856
0.982404,0.076473
0.982103,-0.062009
0.983749,-0.024285
0.982317,-0.020524
0.982438,0.009626
0.982311,-0.098242
0.982561,-0.357915
0.982486,-0.031138
0.982957,0.019160
0.983146,-0.081159
0.982289,-0.071225
0.982346,-0.000922
0.983836,-0.033766
0.982181,0.053946
0.983216,-0.064329
0.986507,-0.003310
0.982613,-0.015347
0.982233,0.069893
0.982303,-0.018443
0.982328,-0.005726
0.982408,-0.027072
0.981791,0.019871
0.982354,0.020913
0.982100,-0.055724
0.982469,0.006558
0.982619,0.109380
0.982883,-0.104306
0.982584,0.016567
0.982568,-0.031841
0.981987,0.063940
0.982562,0.015775
0.982605,-0.038708
0.982355,0.008228
0.982336,0.020542
0.984671,0.008697
0.982419,-0.002729
0.982306,0.009223
0.982865,0.039866
0.981527,-0.108526
0.982688,-0.006636
0.982347,0.007661
0.982541,-0.017259
0.982387,0.032382
0.982372,0.006680
0.982263,0.053267
0.983419,0.055884
0.982543,0.207006
0.982426,0.010377
0.982856,-0.027807
0.982441,0.005668
0.982503,0.080641
0.982385,0.011713
0.982361,0.038558
0.982061,0.003978
0.982539,0.001377
0.982463,0.032935
0.982351,0.002736
0.982505,-0.017057
0.982636,-0.047745
0.982644,0.084048
0.982389,-0.010367
0.982396,0.017233
0.981821,-0.060614
0.982431,0.010118
0.982477,-0.001520
0.985636,-0.020019
0.982950,-0.026790
0.982497,0.005844
0.982427,0.000429
0.997483,0.049297
0.982612,0.021260
0.982468,-0.001689
0.982385,0.042105
0.982376,0.000890
0.981852,0.002140
0.982410,-0.006319
0.982416,0.011412
0.981982,0.011525
0.982599,0.012857
0.982240,-0.027146
0.982361,-0.001381
0.982378,0.048841
0.982276,-0.011138
0.982326,0.000191
0.982332,0.007536
0.982031,-0.046308
0.981859,-0.008694
0.982580,0.044070
0.982447,0.016593
0.982706,-0.000212
0.982338,-0.149515
0.982388,-0.014916
0.982638,0.073102
0.982532,-0.032273
0.982170,-0.021326
0.981775,0.008188
0.982457,-0.013037
0.982380,0.009187
0.981988,-0.026643
0.982387,0.002389
0.982577,0.012514
0.982278,0.072144
0.982403,0.002042
0.982424,0.005771
0.982477,0.028486
0.982316,-0.001547
0.994340,-0.054805
0.982469,0.006271
0.982399,0.005557
0.982509,0.011246
0.982426,0.021964
0.982423,-0.003826
0.982512,0.006768
0.982637,-0.057113
0.997606,0.007538
0.982368,-0.008497
0.982398,0.022133
0.982367,0.194780
0.982389,0.031333
0.980988,0.033657
0.982169,0.053342
0.982246,-0.115479
0.981912,0.204681
0.982160,-0.020813
0.982398,-0.004949
0.982405,0.000286
0.982496,-0.061971
0.982739,-0.032197
0.982432,-0.051699
0.982379,-0.002031
0.983684,-0.051033
0.982313,0.000755
0.982351,-0.018162
0.982525,0.029873
0.982499,-0.055686
0.982388,0.019034
0.982169,0.008019
0.982525,-0.028855
0.982477,0.080216
0.982368,0.013877
0.982261,-0.035898
0.982453,-0.076018
0.982515,-0.007610
0.982454,0.001256
0.982851,-0.013235
0.982438,0.027807
0.984486,0.011798
0.982372,-0.012280
0.982411,0.019489
0.982860,0.029203
0.982036,0.020587
0.982409,0.064782
0.982122,0.012119
0.982214,-0.002756
0.984742,-0.067331
0.982475,-0.012778
0.982164,-0.018520
0.982448,-0.018698
0.982645,0.034864
0.982828,0.051623
0.982385,0.081043
0.981587,-0.146779
0.982383,-0.199016
0.982450,0.002328
0.982404,0.003139
0.983141,0.003789
0.984465,0.083432
0.982420,0.024002
0.982454,0.011737
0.981798,-0.002566
0.991257,-0.057579
0.982390,0.015122
0.982416,-0.004960
0.983856,0.058635
0.982342,0.009521
0.982485,0.002207
0.982521,-0.045914
0.982228,-0.024397
0.982013,-0.017214
0.982467,-0.066201
0.982490,-0.008191
0.989818,-0.028275
0.982670,0.092396
0.981716,-0.030569
0.982330,-0.018322
0.982391,-0.001542
0.981884,0.014979
0.982585,0.006858
0.982462,0.020473
0.982261,0.171472
0.982711,-0.019513
0.982409,-0.022707
0.982322,0.006443
0.982000,0.029325
0.989179,-0.038163
0.982587,0.015779
0.982329,-0.006900
0.982300,0.000679
0.982588,-0.014009
0.983024,0.007680
0.981811,-0.054041
0.982104,-0.005822
0.983738,-0.062540
0.982378,0.004654
0.982135,0.076285
0.982430,-0.055579
0.982461,0.047842
0.982393,0.004842
0.982462,-0.018320
0.982305,-0.025444
0.982417,-0.111057
0.982470,0.009987
0.982334,-0.004227
0.982272,0.102610
0.982395,-0.012848
0.982479,0.029731
0.982420,0.007412
0.982505,-0.011648
0.982586,0.041867
0.982601,0.001052
0.982347,0.021291
0.982151,0.043404
0.981920,-0.029066
0.982960,-0.028722
0.982328,0.046648
0.982347,0.006871
0.982549,-0.047510
0.982344,0.001299
0.982353,0.005700
0.995319,0.081787
0.982765,-0.009054
0.982505,-0.006496
0.982519,-0.064009
0.982670,-0.002010
0.982366,0.029355
0.982360,-0.017428
0.982576,0.024894
0.982718,-0.038899
0.982366,0.010152
0.982386,0.008930
0.983081,-0.006718
0.982504,0.011911
0.982788,-0.000865
0.982361,0.006648
0.982418,0.006807
0.983354,0.044165
0.981634,0.043979
0.982422,0.011193
0.982473,-0.017370
0.982352,0.004074
0.982518,0.012300
0.982548,0.004579
0.982452,-0.025554
0.982519,0.046443
0.981864,-0.066235
0.982351,-0.002170
0.982365,-0.006707
0.982150,0.016380
0.994720,0.019973
0.982419,-0.002784
0.982420,0.000992
0.992706,0.047325
0.982238,-0.032153
0.982375,0.014880
0.982437,0.025832
0.982383,-0.000620
0.982176,-0.011488
0.982350,-0.001983
0.982715,0.034529
0.982328,-0.055658
0.982556,-0.006890
0.982379,0.030386
0.982382,0.008957
0.982151,0.030811
0.982252,0.041680
0.982349,-0.015405
0.982367,-0.002725
0.982284,-0.041973
0.982025,-0.038031
0.982344,0.015715
0.982430,-0.008007
0.982310,-0.014237
0.982396,0.040737
0.982433,-0.000978
0.982428,0.011384
0.982413,-0.000399
0.981757,0.004337
0.982335,-0.020574
0.982366,-0.012359
0.982475,0.024358
0.990150,-0.018688
0.982334,0.007444
0.982360,0.009145
0.983212,0.008355
0.982038,-0.027494
0.982438,-0.014681
0.982036,0.060068
0.982508,0.014072
0.989007,-0.059715
0.982404,0.000815
0.982425,0.015830
0.982260,-0.012390
0.982433,0.021306
0.982405,-0.007293
0.982582,0.012764
0.982192,-0.037039
0.997067,0.011110
0.982357,0.004418
0.982400,0.035323
0.982159,-0.025553
0.982097,-0.049387
0.982093,0.049346
0.982329,0.002222
0.982977,0.056339
0.983868,-0.062132
0.982231,-0.025745
0.982426,0.015969
0.981962,0.019953
0.982385,0.003857
0.982435,-0.003951
0.982485,-0.012175
0.982516,0.002822
0.982377,0.082291
0.982463,0.012233
0.982380,-0.013784
0.982729,-0.101335
0.980621,0.044252
0.982562,-0.022171
0.982494,0.019972
0.982748,0.035148
0.982288,-0.054528
0.982440,0.015251
0.984125,-0.009695
0.982980,0.026613
0.982706,-0.049832
0.982280,-0.048785
0.982681,0.061932
0.982463,-0.005891
0.995871,0.020002
0.982370,-0.013584
0.982439,-0.003409
0.997978,0.036207
0.982754,-0.037841
0.982381,0.011764
0.982416,-0.079405
0.982694,0.061628
0.981772,-0.012808
0.982351,-0.004590
0.982630,0.031597
0.982591,0.029366
0.982382,-0.072786
0.982577,-0.014233
0.982321,0.011684
0.982388,-0.016114
0.981967,0.083417
0.982422,-0.010144
0.982479,-0.004305
0.982684,-0.094771
0.982113,-0.024031
0.982905,-0.034455
0.982925,0.091049
0.990178,-0.159046
0.982605,-0.104430
0.982471,-0.006405
0.982394,-0.073032
0.980863,0.031357
0.983080,-0.040928
0.985073,-0.007894
0.983031,0.010807
0.982203,0.048079
0.982502,-0.031276
0.982428,0.009452
0.982362,0.000693
0.998356,0.022139
0.982084,-0.059520
0.982527,0.005575
0.982395,-0.018958
0.981952,0.036569
0.982695,0.014146
0.982330,-0.076329
0.982458,0.016690
0.983226,0.037698
0.982422,-0.018646
0.982515,-0.031587
0.982710,0.002589
0.982223,0.017440
0.982843,0.013467
0.982400,0.005910
0.982360,0.007473
0.982379,0.013563
0.981886,-0.048685
0.982408,-0.058544
0.982548,-0.026488
0.982226,0.029504
0.981959,-0.005514
0.982368,0.018230
0.982374,-0.023096
0.981787,0.046959
0.983153,-0.081849
0.982438,0.015858
0.982394,0.002266
0.982465,-0.006347
0.985591,-0.042922
0.982372,0.008942
0.982308,-0.001972
0.982692,0.094941
0.983207,-0.050130
0.982117,-0.027865
0.982372,-0.004741
0.982166,0.046690
0.981857,-0.117242
0.982581,-0.027369
0.982610,-0.045696
0.984690,0.022560
0.983268,-0.064433
0.982882,-0.025918
0.982623,-0.006450
0.982222,-0.000658
0.982439,-0.007254
0.982303,0.004845
0.982408,0.003510
0.982414,-0.008268
0.981686,0.157896
0.982431,0.078850
0.982946,-0.009546
0.982072,-0.024302
0.982388,-0.050103
0.982317,-0.013236
0.982495,0.000167
0.981709,0.005656
0.981660,-0.012771
0.982327,0.001661
0.982466,0.009886
0.982457,0.015674
0.982380,0.014626
0.982379,-0.015034
0.982382,-0.029178
0.997083,0.013582
0.982363,-0.009960
0.982418,-0.026892
0.982403,-0.022439
0.982484,0.033344
0.983209,-0.073386
0.982432,0.032920
0.982498,-0.010579
0.991916,0.063005
0.983780,-0.015020
0.995662,0.059824
0.983195,0.056517
0.982808,-0.044406
0.981737,0.051960
0.982358,0.000903
0.982404,0.000899
0.982346,0.000529
0.982596,-0.011475
0.982376,0.016805
0.982529,0.037079
0.982780,0.049627
0.982563,0.066450
0.982368,0.133208
0.982441,-0.016441
0.982395,0.029580
0.982751,-0.032350
0.982496,0.009744
0.982519,-0.134948
0.983134,0.006605
0.982872,-0.063066
0.982411,0.005609
0.982462,0.008207
1.0,0.0